708175200
10783000
4337300
4349000
4783400
3896800
3904500
4115900
4830600
4044900
4170700
3969000
5044700
3959800
4106000
3891700
5687600
4097300
3908600
4832600
4126900
4115600
3898900
5000800
3917400
4111300
3891000
5033900
3930600
4124600
4378900
5051300
4269600
4009100
4200600
4991300
4182100
3969500
4202400
6470700
3915200
4080100
4949900
4103100
3974100
4091700
5606100
5326700
5498700
6100800
5582400
5771900
5234300
4889900
5544300
4912800
4193500
4067500
3901600
4573700
3889600
4081000
3890000
4921600
3955600
3975000
3889300
5336600
4056800
3971200
4098800
4246500
3953000
3938300
4080500
4195700
4012700
3945900
3926400
4183700
4334700
3912600
3894900
4337800
4044700
3980600
3958200
4347900
3900500
3960900
3903900
4230600
3978900
3907600
3891500
4409500
3925600
3924800
3916500
4165600
5194200
4292100
3923700
4202000
4358400
4365200
3922500
4235000
4178600
4388800
3927400
4086300
4818100
3957900
3909000
4660800
3983600
3973200
3958200
4350000
3969900
4345800
3897400
4384000
4046000
4054700
3962100
4045200
4165800
3941300
3921000
3938100
4072800
3937300
3935900
3922700
4480200
3918200
3967600
3888600
4573700
3969300
3969100
3961100
4296900
3902800
3905100
4144700
4073600
4007000
3929600
3896300
3982000
5379700
5809400
4294200
4439100
3995400
3960500
4584400
4594600
3908400
3954300
4847800
4966200
5014800
6555000
5033400
5007900
4919600
6082500
5666800
4301800
4898100
4015700
3961600
4014100
4752500
3972300
3960100
4027000
4906800
3912600
3957100
3984100
4572300
3905800
3899100
3926600
4932200
4152200
3921800
4608500
4232700
4181100
3896500
4486000
4593200
4092700
3893000
4890100
4722300
3918900
3893400
4831300
4180500
3920800
3956100
4855300
3927300
3938900
3918900
5045800
3981100
3934300
3920200
4789900
4006500
4067500
3981800
4762100
4576600
3913100
3893900
6412400
3913100
3892300
4227300
4914800
4087200
4334700
3892500
4656400
3904000
4424100
3897300
4504300
3931200
3992100
3896200
4179000
4048200
3921300
3897100
4139200
4038500
3915400
3892400
4127900
4118300
3921300
3951800
3946600
4451000
3971300
4136600
4147300
4280700
3901900
3899500
3895300
4529900
3945500
3965400
3895800
4200600
4507500
3996900
3972600
4225200
4064000
3921700
3909900
4266900
4030600
4328400
3965700
4256900
5287000
4962100
4992900
5530600
4643600
4800200
5115400
5044000
4055600
3978200
3965600
4166300
3913100
3911900
3901900
4092000
3894100
4366400
4607000
4173300
4000700
4227600
4714300
4407000
3889700
4081300
4060400
3910100
3893300
3953200
6170500
5624800
5264900
4623400
5015100
4578600
4702800
5159000
5356700
5411300
5457500
5414200
5370400
4902000
4226300
3959900
4334100
5352300
4828300
4894300
4550200
4625500
4529100
4555100
4905500
5686800
7114500
5435200
4487000
4861100
4654200
4422300
4515400
5671800
4558000
4527100
5480700
4719900
5005200
4914200
5006300
4956300
4385000
5623400
6292000
5471100
6593800
5608500
5571400
7184700
4525300
4311000
4940700
3911900
3892300
3930900
5614700
4897900
4957700
6094000
5368500
5275100
5645100
4955600
4558700
6326000
4758400
4594600
4311300
4569900
4865400
4725300
5494300
5576300
5038500
6279800
5681000
4889200
6771300
4416600
4241700
5095500
4222100
4674200
4808000
5811300
5725900
6420400
7272200
7361600
7364000
5663500
5009000
4840000
4973600
4080600
4174700
4001500
3967700
3968300
6315600
5393400
5826100
5887400
5179800
5552900
7180700
4417500
4038500
4301800
6878400
4833500
4623000
4678000
4326100
3963000
4420500
4240400
4385900
3979500
4268500
4046100
4454200
3927100
4174800
3931900
4104200
3957400
4199000
3986700
4883300
6249000
7786900
4898000
3906600
6062100
4305800
3925500
5832200
4277300
4402000
3915000
4377100
3905400
4712200
3900300
4292800
3900000
4763300
4197300
4066200
4221900
3996000
4037400
4076400
4168100
3972300
3950100
3980500
4823900
4375400
3976100
4080300
4595300
5306000
5502300
5674300
5681200
5953800
5841900
5451600
5739500
5929000
5460100
5596400
5842900
5908300
6487900
6043700
5599900
6611600
5552600
5636900
4649300
4811800
7199900
7626900
4547700
6040500
4041300
4436400
3952800
7911100
6757100
6652700
5824500
5874500
6370600
5934000
5373300
5920100
5766100
5506600
5955700
5143800
4038000
4642200
3992000
4230000
4001700
4764200
4043800
3939100
3930200
4663100
4674300
3992100
3956100
4806800
4034900
3968900
3950400
4737000
4000900
4131700
4055900
5193700
4151800
3964800
4369900
4233300
4274300
3979900
4547200
4105100
4390000
3900200
4636200
4101000
3977200
3924700
4583900
4167200
3938000
4006300
4584100
4039000
3978200
4285900
4899300
4002200
4096900
3986900
5318900
4752100
4209900
3897200
4816300
4189700
3919600
3891200
4221400
4435700
3990900
3957500
4212400
4088900
3943600
3984300
4195100
3907500
4146600
3928600
4190500
3907000
4282300
3917300
4214500
3896000
4036200
3894800
4226400
3927500
4535400
4801700
5199200
5143900
4914700
5275500
5314500
4685900
4847400
5133700
4218000
4098200
5680400
4002300
4541200
3980900
5771300
4295300
4071100
4324400
4071600
4839300
4029100
4481100
4008900
4577500
4162400
4060300
4021200
4010700
3964200
4015300
3927400
3937700
4259200
3991400
3908100
3903100
4214300
3897800
3909200
3894400
4833400
4022300
4069000
3995400
4056400
3931100
3943400
4203300
3991500
3892400
3916600
4012700
3988900
4065600
4009200
3963000
3967300
4147600
3915300
3902800
3909800
4544800
4349400
3903200
3902800
5670600
6122100
4175300
4145800
4215800
5418200
4612300
3895400
5402700
3981800
4326600
3999200
4384800
3893500
4325500
5054000
6055300
4348500
4206400
4420100
4111300
4241500
3985000
4708400
3930400
4111800
4974500
6702400
6020200
5637400
5536500
5070800
4536000
5870500
4955200
4635700
5722100
4748700
4584300
4464500
4543900
4340900
4240500
4576300
3956100
4508300
5199600
6557000
5226100
5016900
6208900
5659000
5577600
7371700
4378200
4331900
5498300
4324800
4363500
5148700
3946400
4374200
4015000
4719600
3990000
5316500
7647200
4202500
5172500
3997500
6837000
5155200
4820500
6554900
4455300
3959200
5078600
4316900
4345900
3968500
6764900
4448400
4245500
4806900
4088300
3908100
3893700
4190500
4230800
3969000
3954000
4334700
4096600
4047100
4025100
4286100
3973100
3978300
4491700
4194000
3909100
3922700
4231300
4196800
3955700
3921200
4071900
4175400
3922200
3914600
4852600
4260300
3976000
4421600
3989100
4245100
3952100
4133500
4043000
4265700
3916100
3920200
3909200
4324400
4001900
3963600
4234600
4078800
4022900
3918700
4111200
3909400
4221500
3894500
4242300
3967400
4149400
3965900
4131300
3896700
4035900
3888000
4415300
3950100
3938600
3908900
3923000
4051000
4065900
3911300
3922400
4045400
3931600
3915600
3922500
4477700
4195100
3935300
3917800
5053100
5217100
5200600
5069200
4857400
5001700
4929600
4646900
4639000
3958800
3972500
4276400
4014500
3979000
3968500
4343100
3936400
3936200
3921700
4510100
3976400
3897100
3906800
4164200
3927400
3910300
3919600
4256000
3920600
3952100
3914200
11935500
7128900
6202900
8082700
5590700
5865700
5275600
5528300
5834000
6777100
4870700
5949700
4899600
5386700
7576300
5947200
6444000
4640200
5236000
5942100
6154400
5975700
6016000
4615700
4640800
5749200
4534400
3942000
4109700
4417400
4170800
3944100
4204700
4443800
4158100
3904800
4008300
4331000
4303700
3910200
3897200
4756700
4534900
3937200
3916400
5077800
3933700
3993900
4056000
4651900
3976700
3973300
4130900
4613200
3974400
3957900
4389700
4649100
3974700
4085300
3978700
4613500
3977500
3957100
3934200
4815100
3899200
3907200
3892700
5084700
3952200
3928300
4211600
4641300
3918200
3929300
4865800
5534200
5402700
5236300
5722900
5213400
5560500
5252700
6140300
4324600
6001200
3906500
4281400
4118600
5892000
4253500
4047300
5917000
4185900
4336200
4041200
4545100
3909300
4355600
4319800
4258900
3951500
4005800
4019100
4212000
3911500
4081100
3922200
4423500
3965200
3906000
3894500
4271000
3914000
3984500
3907200
4611000
3914800
3908500
3891100
4362000
3917100
3904300
4052500
3952000
3944200
3932100
4009800
3906300
3955200
3894400
4052300
5244800
5983000
4245600
3893400
6178400
3927100
4356800
4064100
5322300
4129800
4122700
5163500
4015800
4293500
4524700
4337700
3971100
4363000
4645300
4017400
4498800
4783200
3971500
5536500
4006900
4172100
4550200
5498400
4400600
3912800
4806900
3916600
4337900
4166700
4559400
3894100
4343700
4165900
3978200
3957300
3905700
4276400
4031900
3891300
4421400
5025400
6453200
6052400
3908100
6059700
4159300
4326300
4492600
4537700
4374200
3972300
6716000
5873000
4995200
5453500
5078600
4899500
5346300
4991000
4806500
4942000
6554200
5487900
6738700
4792700
4398400
3992400
4708500
3894500
3906100
4069200
4706600
3900300
3902200
4324400
4672600
3956200
3917400
4160700
4915600
3899800
3902100
3900200
5023800
3927200
3925000
3916300
5716200
4400100
3998000
5282700
4103300
4004700
3986800
4804900
3912500
3908500
4044200
5085800
4049200
3989800
4096900
4667100
3942100
3909100
3893000
5309000
3973100
3974200
3960200
5583700
4746500
4025000
4145500
4746400
3908800
3898100
4408900
3934500
3906600
3898000
4561200
4122400
4046000
3965300
4104800
4199200
3923300
3919100
3905800
4391100
3995800
3919900
3902300
4969800
4254000
3964500
3891200
4350900
3958500
3974800
3961300
4400700
3961600
3974600
4087400
4583700
3933200
3927200
4250000
4206100
3949900
3922000
3906800
4203100
4099300
3924600
3907600
4298600
4168300
3990000
4003800
4438700
3901400
3910100
3892700
6272200
4737300
5174200
5637200
5660900
5521300
5663800
5529100
5856100
4574600
4458800
3991900
3974000
3988500
4162100
3949600
3950900
4045800
5855500
3995200
3900300
4402500
3988400
3983500
3974500
5240000
4925000
4981100
5756300
4782300
4830700
4728400
5337000
8499100
8737100
3906500
3954500
5493000
4014700
4237500
3896300
5375400
5384100
4236300
4309000
4191700
4338000
4125600
4764700
4607100
4901300
4600800
4628000
7309200
7109700
4947300
4506200
4589000
6343600
5323300
5068600
6942100
5065100
9598600
5149600
6029200
6891600
6075600
6954300
6080000
5090000
6345300
5676200
4773900
5636100
4520800
3955800
4043000
4836900
4292400
3942400
3946300
4552200
4068900
3935200
3917900
4694500
4083600
3926400
3912800
5002000
3899500
3956600
3904600
5859200
6385600
5311600
5729700
5099100
5064400
5540100
5761000
5231500
6340700
4432000
4647400
5434300
5954400
5889200
6682400
5787400
5326100
6840200
6948600
6816900
5949900
4782100
6339500
6267200
5944100
5428400
5336200
5423200
5733100
4422200
4480100
6012900
5725600
5706000
5624300
4764900
5630000
4507100
5125000
4245300
3930400
4157700
4254600
4070000
3931800
4155000
4071200
3947400
3894600
4129100
4131400
3934100
3916500
4044500
4207000
3900900
3953800
3902300
5313200
4492100
3894700
4295200
4113100
4029900
3969800
4148100
4017700
4316600
3965300
3997800
3982800
4364200
3897800
3891800
3917800
4064700
3903500
3892600
3916200
4054300
3908400
3955200
3965500
3919200
3910100
3894100
4441900
4023900
4019200
3993400
3999000
3993900
4602000
3923700
4215900
3916400
4632500
3901400
4081800
4122300
3930900
3893000
3937600
4227500
4019100
4055800
4051600
4115200
3994800
3999800
3990100
4150300
3994700
3981200
3925100
3941900
4346500
5726000
5393100
5161300
5023400
4814600
5187900
5332500
5011000
5807600
4029500
3999500
4084500
5368400
5335700
5567800
5891300
4665800
3919100
5177600
3986800
4905200
3959400
4647300
4406600
3911600
3895100
4866100
4508400
3914100
3906800
4831900
3987500
3931100
3921700
4903700
3966300
3964400
4013400
4764900
3952900
3915900
3960600
4876500
4393900
4021000
4384200
4112500
4036900
3894800
4201000
4270700
4128500
3897500
4151800
4989000
3949800
3966200
4648200
4510600
3908600
3893400
4656100
4528500
3971900
3892900
4771400
3922400
5185500
4185900
5070600
4123000
3902000
3893900
5082100
3967500
3958800
4154800
4647200
3954500
3906300
4092700
4846200
3973400
3958300
4221600
5719800
3983200
3905400
4684200
4042700
4678300
3967800
4213600
3915400
4165300
3893400
4177400
3911800
4109500
3891500
4201000
4021900
3933200
3910600
4063500
4771000
4210700
3909100
4117200
4148900
3905200
3999600
3971300
4109700
3921300
5335700
5292300
4165700
4697900
4187600
5314900
5126300
4876900
5083300
4658600
5519600
5551900
5072300
4958300
4987800
5901000
4529800
4790300
5385900
4127900
4494500
3910800
4451000
4180500
4210700
3933000
4360100
4252200
4153600
3986100
3948700
4246200
3904300
3884600
3986800
4077200
3907300
3893500
3913200
4301500
3957200
3972700
3917700
3893700
4563900
4455200
4250900
3978100
4274600
3973200
4152600
3959200
4090100
3948200
4068300
3936300
4051700
3897600
3957100
3911400
4320700
3898300
3895300
4016200
3925700
3975600
3957100
3913700
3890400
4116800
3958200
3976300
3940200
4207800
4018700
3950600
3899300
4273900
3895800
3971200
3896800
4160400
3983900
3990900
3981800
4580900
4681200
6210400
4215000
4033100
3978200
4927500
3916200
4271400
3894400
4804800
3944700
4395400
5979100
5622300
5507200
6202800
5597500
5476000
5940800
5916900
5465600
6210700
5694100
5469400
6065200
5691800
6255700
6859000
6268500
6920400
6224200
6355700
6885300
6076600
6445400
5536000
5360900
6264600
6897700
5777500
5964800
5291100
5797300
6320900
5936600
5986800
5958500
5987600
6259800
5894100
5523900
6503800
5991400
5576400
6479100
5361500
5507400
6036500
5935700
4853300
4191800
3927500
4042800
3931200
4162100
3919700
4115400
3998600
4238200
3925200
4159200
4002800
4206000
3924000
4239600
3920500
4205500
4037600
4000200
3964800
4162600
3934000
3946200
4378200
4189300
3909900
3904600
4185400
4147800
3927700
3911300
4184600
4043900
4062700
3980400
3930300
3893300
4179400
4045000
3909400
3891200
4197600
4124200
3927100
4079300
4226500
3915600
3924900
5005400
4168900
3917400
4637400
3982800
4045200
3948400
4191800
3964800
4031900
3967400
4131000
3927000
3947900
3919500
4316800
3963500
3971000
3949400
4646400
4049900
4304700
3914600
3922100
4879600
5102700
4809600
5014500
4920900
4965600
5263800
4655900
4669500
3997000
4092300
3930600
3933900
3921600
4081200
3925700
3940800
3919500
4061100
3956200
3982500
3923700
3937500
4345800
3991100
3963000
3973400
4099800
3909900
3906100
3899500
4249600
4157700
4071400
3976400
4081000
3977000
4380300
4611100
5003900
6009500
4214300
4491500
4072300
5149100
4220400
4379300
4327100
4437000
3923800
4326800
4677800
3969900
3905200
4432200
5003100
3949700
4080500
3988400
4851400
3911600
4027500
3914600
4729100
3897700
4256200
3950200
4956300
3900100
3909800
4111200
4634000
3913500
3926400
4102700
4631800
3909400
3909100
4137200
4895200
3999100
4216800
3993000
4768400
3967700
4178800
3960800
5498200
4129800
3910100
3967200
4802400
3919400
3918400
5475700
4188300
3973400
4162300
4535700
4036100
3907300
4023600
4411300
4223000
3909800
4017900
4316400
4427500
4245700
4041400
4885700
5080500
4176300
3933600
4872900
3973200
3969000
4720100
5136400
4971100
5731300
5846100
5557300
5711400
5136500
5019400
4174300
4236700
3960300
3917500
4245200
4149300
3940600
3919200
5656900
4476100
3961300
3954800
3928900
4889700
3895800
3904000
4076500
4153500
3907200
3903900
4363600
6137400
4894700
4978800
5496400
4745800
4395900
4758300
5567800
3949300
4306300
4160900
4341500
4162700
4051100
5463500
3973400
4386100
4322300
4521400
3962100
4411400
4108100
4047800
4023000
3982400
4120100
4048900
3963100
3974500
4177000
3975600
3964400
3982200
4697600
4257400
3932500
3938200
3924900
4676400
3933000
4580800
5507300
5851600
4413600
5505900
5992600
5237400
6360200
4764900
4044000
4057100
4775000
5255400
4775900
4214400
3980400
3954300
3904900
3889000
4356800
3899100
3894200
3898000
4133000
3914700
3896400
3899000
4201300
3931600
3972300
3926000
4126100
3938800
3896300
3910500
5331900
5844000
3930100
4038900
4195600
4087800
3920900
3916300
4451700
6049100
5480200
4622200
5091300
4239500
4156000
5899400
4602800
4283300
4447400
6098400
5322000
5394200
5573900
4524500
5990900
5791100
4016300
3900600
4859100
4523200
3969300
3955000
4732000
4198600
3911500
3890300
4678200
4178300
4035300
4052000
4746200
3954500
3918400
4239100
4676000
4564700
3923300
4192800
4816800
3918800
3907200
3891500
5183500
3906100
4323400
3888000
5190500
3968700
4325000
4281400
4977500
4224700
4112900
4452300
4441300
3977400
4094100
4471000
4180400
3976900
4042800
4427400
5695400
3982900
3945900
5539500
4001000
3917700
3897800
4403600
3909400
