9086300
7696400
10188700
9111500
7566100
8421100
7632900
8080600
7664900
7834000
7894700
7765900
7840400
8018200
7847300
7463100
8051700
7540500
9890500
9657800
9922400
9742700
8946400
7969100
7758600
7752800
7758300
7828800
7974700
8201800
7835400
8262600
7763900
7783200
7621700
8498500
12065700
12802100
8026100
9992900
8205800
9567400
8323900
8091500
8034700
7854800
8286000
9049500
8029300
8323800
8513700
10226100
8186000
8088600
8202600
8187100
7955300
7676600
12939500
13679500
10944200
10682500
9369100
9919100
10743600
10074700
10142200
10315900
8320900
7866000
8620300
7622200
8657600
7947400
10374500
10461300
10686000
11658400
10545300
8583000
9208000
7647600
9869300
7610100
8693700
7616900
9420100
9498700
8365300
7880200
8488400
7866200
10968700
7486300
10596600
9573300
8224800
8463800
8098000
8427300
8057800
8317800
7623100
7993900
7734600
7602800
8383500
7857900
7894500
7684200
8016200
7775000
7878700
7989100
8191200
7752900
8027900
7656000
8326300
7469900
8245100
9057300
9417500
8056200
9664500
8036400
8102700
8530900
8130100
7921400
7799900
7478000
8468100
10469800
8789400
8266500
8412300
9872300
12321000
13016600
11913000
10165700
8454700
8315300
8158700
8132200
7839100
7622600
9537000
10493300
8214100
7469600
9452300
7754900
10994600
12093100
10137200
9588200
10038000
7913200
7626500
8238400
7493700
8694200
7472800
8662500
7616500
8536400
7676000
8393200
7511600
8633000
7473400
11380100
10426600
10591100
11189300
10719300
10770700
11350200
10947100
11567800
11883600
12808500
10759400
12492600
12691000
12873000
12596100
11581200
10819000
9258500
7814200
7868200
7756500
7795100
7782100
7726500
7768200
7850000
7888000
8071300
7529600
8063600
7631600
8138700
7601500
7992300
7672700
8076000
7502900
7692700
7532600
8063400
7711600
8058800
7579300
7570700
8016900
7611500
7861000
7683300
7692700
7610900
7808700
7616500
8014200
7670800
7935600
7675900
7616500
8388000
7701500
8221800
7673800
8461200
7595600
7919200
7657700
10776700
7692600
8184600
7640400
8946400
7606800
9780500
11221600
10047400
11399100
11588800
8161900
8888900
7569300
8507000
8197100
8471300
7907500
8236200
8355200
8550600
7537300
8316400
7795200
8725400
8213400
8000700
9373500
12443400
8566000
10630100
7706500
9881300
8702100
8059400
8922000
9245000
8529300
7845900
7762100
7768800
7993000
7761300
7711400
7883800
7467800
8561800
7678700
7923400
7534300
7765200
7680900
7834500
7787900
7946100
7772600
7759800
8236900
7764800
7615700
7520100
8301800
7608500
8197200
7477800
8182100
9668900
9477000
9614500
11229000
8514100
7573300
7905900
7739500
7670900
8623800
7649900
8287600
7935500
8243100
8026300
7971000
7611500
7775200
7682300
8626300
7687400
8083100
7876000
8056500
7675400
7841700
7738000
8133800
7666400
8196900
10738000
8713500
8104400
8710700
8322400
8867000
7967200
8692100
7614700
8731800
7618500
8766800
7712200
8541600
7710600
8345200
7844200
8507300
9454700
9401000
8037600
10611900
8027000
8768700
8659500
8959700
8315100
7858300
10251400
11546500
13779200
14894400
12895800
13835000
11425300
11203500
8709200
9476700
8986200
9218100
10166900
8085800
9660100
8208700
9340100
8981700
9529700
8505800
8851400
9553400
10721800
10724000
11914200
9861700
9596800
9233000
9476100
8241100
9548200
9373000
10002500
8788600
7695600
9586100
9745000
8793100
9455200
10256400
8866300
10507400
10284600
10498600
8576900
10187900
10128300
10082900
9923500
10441300
9124000
10220200
12324600
12317200
9542300
9705500
8095200
9436300
9744500
7685600
7633200
8562800
7699100
8472500
7505100
8904900
7639600
8698200
7626700
8647000
7610400
8525700
7666000
8246200
8145600
8454500
7644700
8479400
7614800
9079200
7740700
8864700
7801600
8997000
7539200
9561000
8035100
8932600
8080300
8988400
7955600
8453900
7540000
8600500
7624500
10004200
7663900
8433700
8085100
7810600
7649700
7762100
7760500
7761200
8028600
7953900
9120000
9546600
7901600
9343300
8413600
8182900
9806500
11686400
9863100
9786900
10023600
7956100
8149200
7700600
7993000
8150700
7879000
7832500
7690100
8077700
7652100
7810200
7707800
7919800
7599500
9035100
10577800
9085900
9632100
8329500
8154000
8208100
8108300
8293600
7726900
8009400
7732200
7993600
7651500
8228000
8890900
9078700
9055900
8089200
7627500
8047100
7689200
10636800
8778500
7699300
8570000
7855700
8573500
7840900
8368300
7753500
8542600
7926700
8270400
7610000
8485300
7798100
8566500
7883400
8328400
8419200
11917700
9410400
11245800
10569700
8534200
9304200
7686600
8540600
7863700
8535100
7839700
8456800
8064300
8392200
7816700
8594200
7912900
9159100
11646700
10062200
9291300
7505300
10244700
9725500
9158300
9009900
9860400
7963400
8529800
10549800
8600100
8156200
7677600
7952700
7752200
7809600
7900000
8427100
7927500
7823000
8023700
7771200
7815100
7966400
8062000
7831500
7762900
7763700
7621800
8077400
7620000
8108900
7620900
8349900
7685700
7982500
8127800
7838900
9279700
9981300
10621100
10184600
9103600
9563400
7893700
8019300
7621700
7934000
7691100
7719100
7650300
8061500
7625600
7820700
7756100
8224200
10463700
7829800
8527000
7629900
8974500
7624200
8731700
7866000
8636500
7817700
8357300
9207900
8833300
8801400
8784800
8077900
8895200
7743400
8633600
8017800
8488800
8033900
8342600
7755100
9186600
7883100
8656300
7608700
8991200
7639800
8634200
7844400
8482600
7689700
8509900
7827300
8763200
8532200
8651100
7509000
8219900
7485800
11492400
9791300
9769300
10706600
9648900
8283900
8067000
8016300
7612500
8158100
7631000
8117200
7701000
7809100
7951500
7964700
8004800
7865800
7956800
7758600
8058100
7647800
8293400
7645400
7895100
7652400
8215900
7617500
7835500
7685900
9442100
8062900
8134900
8028600
9026600
8060100
8292600
8117700
8085200
7717700
11564200
7951800
7617500
7769600
7728900
7646900
8183300
7621200
7898000
7623300
7841000
7715100
7987800
7625500
8768600
9880100
7789800
8159100
7594700
8761400
8186000
10837200
10412300
9961900
10130800
9082800
8520800
7942300
8616100
7610400
8878700
7733700
8604200
7708100
8384300
7916200
8350700
8045000
8917900
7799900
8435000
7611900
8985900
7499900
8622600
7474400
8564100
7669800
8802800
7833300
9599000
7954800
8512500
7616900
8335300
7640600
8353300
7894000
8524500
8105200
9047600
8085900
8028700
7615600
8020100
7532600
8167200
7672000
7755100
7905600
7789400
7923700
7675500
7936800
8282800
7944600
7901400
8038000
7616500
7899600
7476100
10053300
10578400
9202600
9676300
10178300
8322200
7714200
8716200
7676100
8221200
7648500
7767700
7660000
7807400
7734600
7981600
7646200
8015400
7717100
7681200
7732800
7628900
7958500
7637900
8102200
7624400
8010700
7734000
7931200
7624000
8649000
11061400
8658700
7669300
8477100
7752300
8012000
8043500
7955400
8436100
8097100
8984800
8331700
8827200
8745100
8201300
8453100
7947100
8287500
7776500
7707200
8448300
8022200
8414800
7952300
9129600
7585100
8467200
7492000
8901500
7473800
10509400
10997600
9479000
10267200
9349400
8618600
7883400
10371100
8132100
9228800
7975100
7660000
8073900
7729800
7971000
7923300
7989500
7941300
7867000
8071700
7613200
8185100
7620800
8302000
7649300
8098400
7674500
8234200
7640300
8138300
7643500
8240800
7758800
7947400
8024800
7607900
8131300
7639900
7852200
7680300
8587800
7611900
8332100
7639700
8499800
8090300
8466400
8059300
8214400
8063800
7863600
7668600
7887300
7618400
8009300
7641400
8756500
7750300
7728400
7923100
7608100
10746200
10339000
9344900
10260900
9228200
11166500
8399500
7757700
8330900
8562000
8340300
7742000
7838200
8284800
7754400
8553300
7659000
9076900
7886300
8454700
7644900
8570600
7462900
8670900
7607200
9142900
7661100
8512100
7469400
8713600
7615800
10299100
8946000
9248700
8067100
8081600
7674500
8650400
7669900
8488700
7491300
8858100
7608800
9938200
7620600
8904400
7606300
8483100
7466600
8286500
7958900
8532800
7906500
8618000
8064300
8216400
7530300
7918900
7512500
7781900
9812400
10268400
10661400
9607800
9850300
7618400
8030700
7738900
7961100
8322800
7842000
7780400
7675400
7832400
7664000
7802300
7621900
8064500
7638100
7903100
7725600
7657800
8139600
7656500
7870500
7652900
8022600
7682600
7762800
7608000
8025100
7612800
8329000
7735900
7980100
8119900
8020700
7661500
7843900
7649000
7940400
7920200
8121500
10345800
8166700
7749100
8599900
7908200
8371600
7914800
8411500
7721400
8375000
7688400
8643300
7912300
8835700
8203000
8634100
8151500
8229300
10586500
10497400
9857500
10548300
10236100
7845000
9224400
7790400
8804400
8006000
8593000
7802200
8461100
7786300
8626400
7741500
8807700
7625400
9712200
7591200
8306400
7747800
7879500
7672800
7763100
8209500
7952400
7743800
7877800
7806800
7489000
7978600
7765100
7926700
8075400
7857600
7772900
7877500
7633100
7879600
7789300
7891300
8101400
7805800
7814000
7883100
7644300
8075900
7911600
7686000
7973900
7744300
7904400
7656500
7783600
7733700
7988000
7718400
8189000
9060000
8359300
9396000
10386100
11049200
9424900
9568900
8448300
7653900
7742500
7695900
7942100
7729400
7986500
7762300
7782200
7615300
7792100
7628900
7825100
10694000
8560000
7746500
8632100
7739400
8289400
7860600
8348600
8423900
8584700
7532800
8567300
7616100
8667600
7769800
8319700
7950100
8442800
7758900
8341800
7894900
8273200
7865300
8307000
7856200
8861500
7949900
8344900
7960700
8411900
7765800
8237300
7937800
8360300
7659100
8139200
8031900
7931100
8491900
8142900
8085500
9684900
7650200
10616500
10522200
10704900
10101800
9425000
7898400
7903900
8061400
7527000
8119100
7610300
7674700
7945300
8049100
7972200
7853600
8045200
7819200
7926300
7780600
8080700
8040300
7907500
7819200
7727600
7998600
7814700
7885500
7629100
8294400
7697000
8140300
7754300
7987100
7926600
7824500
8067300
7694500
7786800
7756500
9209800
7951600
7793800
7607400
8028600
7747400
7617800
8147300
7618500
7869100
7652600
7885000
7696000
8211700
7617500
10002400
8659800
7725400
9081200
8131800
8374500
9327700
9773000
9708000
9543800
10280000
9795500
10590600
10861500
10285600
11122200
8474900
7771500
8644000
7674600
7808900
8115800
7648800
9636500
7634400
8439800
8052300
8363500
7728000
8333800
7770900
8585400
7669200
8275100
7849700
9578300
7817500
8475800
7901500
7776800
7801200
7864100
7791400
11154400
10170300
10454700
10597000
10806300
10713600
11613100
10871000
10789800
10601300
9715300
11079500
10267100
10582300
11755600
10785600
9821400
11028500
12137800
10729900
10033400
9613200
8091600
7644300
7684200
7680800
8676700
7644100
8003600
7629100
8109100
7678500
7801900
7649600
7849000
7657000
7822500
7696400
7659400
8060100
7644600
8208700
7845800
7675800
7811400
8064900
9513700
10869900
7860700
8549900
7617900
8635500
7608800
8928800
7994000
8305800
7724200
8591900
7715600
8464100
7732400
8404300
7640000
8989600
7474400
8560300
7672200
8484100
7605200
8475200
7484800
9327200
8423000
8374500
7476800
8612300
7471400
9788600
9345500
11135200
10915800
10658000
9418500
8008400
9922400
7642500
8768100
7613500
7983700
7537200
8092600
7616700
8192500
7619700
8047000
7544100
8083500
7625900
8368400
8617700
8084700
7648600
7843800
7866600
7715100
7898200
7972200
7961100
7852600
7976600
7614600
8058600
7589700
7986100
7691700
8769900
7614800
7783200
7889900
9924700
8110800
9552500
7906800
8380700
8042000
8084700
8136300
7940400
7649200
7893900
7633100
8036800
7696700
8872200
7893100
7627900
9975600
7658300
10422600
9630900
9532200
9855400
8727700
10980500
8718200
7694300
7747100
8659900
7804400
10060100
9750600
8269900
10169200
7922900
8796600
8186000
8970200
7952000
8681000
7473500
8841400
7699600
9576800
7645100
9830900
7979700
11068500
7986300
8763200
11869800
8050800
10089200
7953500
9291300
8248000
8710900
7903600
8875300
8096500
9871600
7589400
9037500
7610100
8160600
7683000
8075200
7825400
9280200
8252200
8508100
8331800
9619800
7670400
8662300
7725800
10575000
11050000
9189300
10029200
8911600
7913100
7591500
8039900
7622800
8446000
7623200
7971300
7676600
7804100
7622100
7947300
7702700
8052800
7665400
7772700
7687000
7601900
7838900
7614300
8154100
7681900
7810500
7643500
7884100
7643200
7857500
7777700
8773800
7695800
7855600
8034900
7649300
7686000
7676000
8142100
7617600
8302900
7655900
10464100
8617000
8233800
7613500
8798100
7583200
8773700
7673900
8385800
7473100
8452300
7658200
8811200
7642900
8662200
7671700
8672700
9443100
11699500
11407700
9763100
11823600
9725700
7677300
8847700
8064300
8475900
8377800
8497100
7842700
8285500
7799700
8463700
7877000
8143100
8118700
7847700
9497500
8438200
8215400
7773300
9464000
11871400
8144200
9269200
7820000
8546600
8130300
8554000
7973300
8098400
8572800
8190700
7671000
8007700
7510700
8134000
7687500
7993700
7480200
7918700
7541300
7560000
8567900
7462500
7943400
7670300
7874000
7468400
7761200
7477100
7924000
7689600
7714700
7695400
7650600
8000000
7603800
8574900
10488600
10608800
9778100
10510200
10188100
8267900
8628000
8017800
8521700
7810900
7780100
7720600
8475300
7644000
7824000
7608500
8846200
10139000
7777200
7503300
8712900
7584300
8516700
7520600
8869200
7507600
9960800
8150700
9342100
9710600
8631100
8670300
8386500
8819500
8253300
8519700
8435700
8458200
7699500
8300000
8125700
9248600
7549300
8406300
7992500
8204200
7794800
8235500
7870900
8532900
7780500
8110800
7827800
7634600
9688200
7965400
8661500
9346700
8387700
9693400
10486700
9794100
9367200
8130200
7614700
8019400
7692800
7954800
8081800
7973300
7891600
7950100
7827900
9410300
7697900
8426100
7532800
8096600
7553500
7810900
7712100
7740900
8056000
7932300
7958600
7871300
7764800
7466000
8005100
7586200
8592000
8695300
9236700
10019000
10826700
10330000
9934800
11135100
8800800
9850100
7907500
7765900
7595800
7599200
7945200
7618700
8149500
7724400
7819500
7617700
7852900
7617100
10499500
8563900
7653300
8405600
7904600
8411200
9127400
9894300
8368100
9251400
8801000
10502800
10680700
9657400
10970100
10237200
9147500
8518100
7844900
8487000
7691600
8510200
7945600
9068500
7704000
8385900
7869300
8417500
8694200
19467300
13035400
12592200
13132300
11734400
10738600
8281600
7474100
8771700
8161900
8094300
8170600
8143800
8662600
7849600
7728400
7510800
7761300
7827200
7755100
7534300
7806100
7886700
7782200
7634600
7757700
7791300
7784100
7566400
7584200
7751800
9302900
7833000
9187800
10111200
9874300
10295700
9992200
8183100
7760900
7812400
7658400
8549200
8045000
8018100
7912600
7803500
7692200
7754400
7721800
7871600
7700900
7966700
7687900
7660800
7930600
7675200
8308400
7695900
7847800
7621400
8677900
7623800
8663300
11363800
7670800
8134600
8037200
8704900
7908900
8369100
7811900
8387800
7665000
8770700
8370100
8843800
8112000
8940600
8218100
8385500
7848200
8466700
7958700
8391700
7787700
8485900
7761800
9342600
7652900
8366300
7781700
8514900
8050600
10503100
11470200
9807400
10419000
9711900
8545400
7611800
10169900
8218800
8136900
8090200
7555700
7604800
7786600
7627700
7777800
7700200
7906300
7945400
8103100
8065200
7965700
7506300
8097500
7548200
7986100
7510600
7749300
7759000
7604200
7805500
7673000
7904100
7605000
8371900
7618500
8284900
7718800
7899100
7645800
7965900
7610800
8292100
7678600
7920000
8191400
8183000
8162800
8170700
8090400
8423300
7679300
7759700
7689900
7792000
7674600
8483400
7997700
7612200
9521100
7725400
10915200
9291900
10176500
9967400
9677000
12314000
14058200
9776700
8704000
7588000
8535100
8141800
8557300
7758300
8499600
7693900
8509600
7730400
8332500
7613100
8836400
7606800
9143100
7671200
8519900
7649800
8603200
7646100
8696600
7824300
9031000
7499200
8526200
7640600
8906200
7543000
8531500
7637600
8528300
7499100
9013700
7712600
9213800
8341900
8972300
7646200
8357700
7677700
8770200
9437800
9779800
8687000
8751600
8480700
7807700
7500400
9030700
7780600
9065000
8857400
8563500
8223700
10342900
10576200
10004000
9420700
9067100
8436500
7612300
8238400
7693800
8066300
7644700
7760100
7654200
7813400
7683000
7778700
7710900
7642000
8160400
7608700
7972600
7690200
7821700
7622700
7788700
7640900
8061600
7690300
9072600
7627100
8182400
7674900
8332800
11360800
11019200
9795500
9611700
11007200
13132400
10117400
10890800
10188600
11320000
11161900
10433700
11413900
11788500
10904300
10786000
9140300
9231100
9421000
10365500
10913100
10131800
10165300
9753700
7560300
9200700
7648200
8804000
7657000
8591100
7685000
8909500
7650600
8620500
7615900
8758600
7678800
10056700
7586100
9374200
7649900
8116800
7599800
8037700
7471700
7866900
7468700
8054900
7539800
8040100
7722400
7792400
7966400
7464100
7910500
