53664500
53600700
55786600
49804300
47090100
49211600
58563200
67783500
51949200
57307500
50284000
50921900
49808200
50351200
48400200
48911100
46524600
56367900
79476400
53632700
49415100
49588000
47399900
47740700
52259900
58590900
66882400
64276500
62403600
50804700
50615000
48598900
49293300
50302100
52786600
56827200
51436700
47082400
48322200
50805400
53508500
52854400
51519100
54661000
56469500
73289500
110255000
53980200
50445400
47423700
48070800
47591500
46423000
53534600
58364700
48797600
50742600
50559300
47215200
48622100
47187000
48626400
59519900
64053900
52820400
48190800
46131700
46210100
45354700
53088400
57638900
53582800
65513700
84075100
63465000
54663000
56006900
50484500
48226100
48955100
52705500
60513700
64535600
53162800
53923100
48806400
48079600
47259600
47245400
48789500
45989200
54351400
51503800
48009800
45655000
45444900
46494800
45744500
45889900
46138500
50793300
52430400
52416000
51712800
49916200
78554600
93741100
76043600
56144700
51651400
56426000
48372600
47935600
50382300
48802300
48639900
48569000
60068700
67524900
68548100
54705600
49936300
48359400
50598400
46749200
46138500
45496900
47276100
50396600
57003400
47843000
48412900
47403800
48380300
46265700
48316500
47999200
47406300
47790100
59181300
48396700
48916500
49029700
49605800
48141100
52812400
52266700
50211400
55080900
64992600
58750700
51937200
49292200
48438800
48136700
47774900
47879500
48484900
53445400
49940000
50634600
49622100
48792800
49565400
50113500
49660900
49122100
49168700
53781000
48160200
46201900
49791200
52964000
54627300
48891300
53389000
53455600
59493000
61282400
60052200
50077600
50967100
51105900
48984000
48051500
48472200
48911400
49890900
56258400
50746600
48557000
46743900
55655300
48912700
48399300
52655100
59965300
66527500
60281500
60861700
55744900
56750200
51908700
48745400
48060800
47308800
51366200
60130600
48558100
49127900
47202900
49223800
47675100
48456900
46279800
47354500
48926000
54117400
48160300
48396400
48297400
48358000
48077000
52426000
49770700
51704000
54907100
58305600
61070100
67519600
53160200
59414900
71595200
67985700
59871300
55664700
55605900
52157800
49509900
51017900
51025000
50162000
50157500
51754700
56619700
48101100
48900600
50680800
49650000
50104200
47309000
48621700
65404200
64605100
66983900
62752200
58008100
90634800
127864100
81713500
60553800
59322100
48703600
47344900
49769100
48131100
48537800
52842700
65753700
130192100
71105900
54021800
49929200
47531800
62456100
82244500
149655100
100430700
98649100
96282100
59522800
104439900
99236100
62480600
77310900
78951500
55588200
49482500
54501600
56753400
49329900
48527700
45830300
46503000
46010400
49730600
71816000
67090800
62038700
67662400
61911900
59920200
58464400
58562000
61374700
55311300
62869000
56834800
55092800
54827600
49952300
49860200
53884200
56270400
51426900
58010900
58508600
57951800
52513300
51855700
50886300
47255700
47794200
47160500
47845400
58529500
49283100
49119500
50625700
53202700
50468800
49214300
53320800
58194700
67924800
63656700
53685700
53691700
48687700
46060600
47607600
47165400
45934000
48210400
59297700
53028400
52896800
49838500
53767800
51203300
49355400
51135000
54423500
61771000
63831300
51529900
51999500
53393700
52601500
55386300
48098500
46335500
51601300
61319000
49473700
50603100
48262800
46140200
45794000
45777800
47835200
63175700
68850400
71339200
66744400
66732200
66334100
55352300
51402300
52036200
52677700
58285200
48264500
48817100
46363700
46702700
45481700
45598700
49815800
54129900
50077300
60519300
52564900
52822400
48923800
50892200
47305200
49911800
47217100
48011400
50308300
55930600
46086500
46509300
45877000
49944100
47402700
50707500
60367500
59837000
53454700
53155400
47046200
46339200
47151500
46899900
45490600
46277800
45908000
45072100
45534700
56691000
47931200
47089100
46376500
47870800
47121700
48890200
47446300
47600100
46097600
49684600
52770300
45365600
45870000
46501900
47168900
45391700
49073300
47584800
47219000
48708400
56509300
49749200
50446200
46657400
51006400
49325400
47774000
51143200
46179800
46564300
49541900
54969600
51171000
48600400
47606100
47869700
47745200
46458600
48451100
49582900
56617600
57222700
50729400
57242000
51005400
49678500
49785200
48112100
51300100
48781200
57674600
56181900
49234900
49511800
51264300
49266500
46994600
46469100
46917200
46466100
56320000
50665600
100702200
60356100
55846200
49322500
50191400
48249500
50152500
53800800
53242800
46494400
46736100
49173500
47726000
45169400
46070000
46815600
47616500
60798200
53855300
49823800
51168300
50150100
49887400
60968900
61406800
60344600
62370000
54088500
50077900
47915100
50460100
49746900
53934400
51357700
50056600
52506200
57652200
50699400
51591900
49106800
51558100
69632600
61591100
64964900
68635100
59793100
60513700
49291600
52058400
65610300
55054100
51579100
50640600
53943400
57282600
48254200
50771100
49948500
50466000
48930800
50989300
52241100
50532200
57962900
52365700
49961400
48600100
53106600
48739000
49442300
47600700
46272300
50047800
60017300
50771400
46406600
46713400
50313300
47414200
56003400
50471400
48370200
47497500
56674700
46776100
49595500
58994000
49173400
49879000
48296300
47930800
47974800
48587000
66635600
61024300
54656500
54747900
50387900
52886300
50161700
70566900
94865700
75776600
54117500
49721800
50403900
55091200
49267600
51680800
50866700
71804400
75461500
62361300
62568200
66738900
78195900
69471300
65445500
63569500
56588300
53968200
49397600
48500100
48689800
47906500
50169800
48293000
57339900
48115700
47357700
46293800
45914100
45430100
47061800
46799800
49624600
48991600
52711200
56255400
47755500
48136200
48321900
46313600
46354900
45788900
45824800
45624200
46436300
55182800
47989100
45479800
49769400
55638100
52327700
48922000
49511800
53602100
58618200
54911400
51135700
46217300
46425100
46502700
45556900
45358800
45169900
46104000
46794700
56720900
47189000
46622200
48382400
47597300
47699300
57303500
50173700
52368800
59018600
59909600
56647000
46957900
49749300
52279700
54121000
54319200
53504700
50469200
54789300
55272600
49857700
47636100
49843800
47519200
56055800
49288900
51179100
45970500
58397800
60451100
54785700
50338700
52150100
53738500
51760000
53826500
49521700
50896100
55325000
47937500
45915600
49604600
49432900
48907800
55911600
79352600
80162600
83830600
67200200
67428700
59615500
49895000
47079000
49340600
49546300
58595500
50551900
49233000
50981300
48482800
59213500
58740300
55011200
51617700
58451100
57683000
52299300
48822100
47344300
48734000
50252000
49531700
48191800
48940900
62301800
54000200
48085300
48170700
48499200
48177300
49142100
49056400
47101000
47236500
55468200
53233900
48646700
50908100
46899200
47361400
55125100
50138700
47880400
47592100
56784900
52208600
55508600
48091600
48176500
46816900
45713600
46669400
46764600
45872100
54127200
53863900
49957600
51052000
49149100
50457700
51000900
52097700
54209500
54086100
58626400
50913400
48566800
48976800
47929600
54745900
56341600
62046500
84777000
115711400
79610900
62059600
66896500
59965600
52888400
62612100
213823100
82374700
64466500
82870200
82954700
88724900
66987000
125948500
75102200
64686500
58759400
63454700
63912600
54226000
57639400
58839900
55553300
55090400
63211600
57137500
63816300
56244400
61286100
59877300
64867700
63109000
63487100
67891300
67383600
67221400
59117300
60620300
60429200
55186600
54130500
68738900
66959300
65858100
64432600
58588700
62410400
63803600
59919800
55533000
58276000
53271000
55429100
50263100
55867000
51406100
59304400
53815100
60353100
54037300
76378600
67060000
57736900
60916600
54576400
47813200
47881800
52605400
56521900
47047100
49601600
49055400
48984700
48446000
49293600
49366400
47968700
59816600
45857600
45430500
48803000
48086300
45533600
45991400
46236600
45417000
45503600
52152300
51202800
47985200
46776700
47788200
50299700
52030700
48743600
60857400
55956100
56105500
50151200
62609800
61689300
59557100
52637100
55600100
57606100
50321300
56065300
58959100
51636400
49042800
48596200
61579000
60860200
60599900
61553400
61175300
51270900
51137200
49566700
51174400
48150200
47544500
49854000
49277600
45988400
53946600
46234100
47577600
49371900
50881200
50587700
49230000
51048800
50816200
50841200
58874600
56544700
50828400
53870300
51269600
49598800
48002700
47298300
49747300
49657000
52983800
48870200
47600400
50821200
50714100
49121600
49166600
54859400
51293900
53030200
53638300
45206400
46232600
48292500
48267800
46771300
47546500
45076200
48481000
49256100
55834700
46705500
46810900
48271500
52756600
48194700
48801900
46842900
46644300
45441500
51661100
46267500
46137200
47061900
48961900
45431700
48098300
47337800
47618800
47121500
49759400
54512900
48863200
46674100
45772800
46580500
46373500
45903300
56951000
49930000
45733200
50222300
56013800
50436100
49601700
54787200
50699400
55455600
53639200
49400200
49448400
56143700
53465400
48831400
48699500
55744800
60378400
60617800
56319500
50735300
59361200
51506600
50739500
51956500
51315100
50497800
49020900
47850600
47763000
53086100
53621300
52712200
67678700
66863300
65471000
63877100
62616900
51378500
57500700
50715700
49423100
49066800
49216200
49387000
48224400
47043000
48688000
48815600
67579600
61331800
56680600
59845200
55048100
51803600
50727300
58968000
48848600
56297900
48237900
47486600
47900500
49046200
51672300
49645000
50617100
50750700
48956100
59139000
50683100
49748900
48218400
54059800
53212900
49476800
48739600
48323800
48536100
58719100
62865100
59657800
51365200
50689000
50666100
48953600
51825500
51331100
58104500
47120000
46157100
45758900
45945700
51446400
46189200
45393200
53446700
50698200
52718100
57383200
53065800
48304900
49191100
46822100
45933900
45970600
45823800
45556100
48239600
53256700
46232900
48447400
50613400
48245500
47878900
47985200
48613500
46085300
47730300
56137700
47790400
46514800
48574800
47287700
45810300
45370900
45620000
46535500
46924700
54716800
55101700
49378200
51748700
52461400
51046500
56288500
49345900
50516100
48477200
56185600
46339500
47047700
48279300
53915900
54339800
61788500
57738100
59457900
59929300
63215500
51463900
48612200
55932000
59315700
55970300
61224100
58033600
57092200
49907300
48707400
47806700
48021100
48176500
48058700
47769600
49409900
46729300
55993600
46176700
45436300
45904700
46198700
45821800
44863600
45496200
48479800
50174400
54912600
58192900
48262300
47734700
48609100
46479500
46036000
46519400
46390300
45614400
45634300
54065600
47605800
45521800
45408500
49840300
47186600
46942100
47404500
48755400
48106900
52160700
50677500
48806200
47691500
46901300
59586800
51808100
48814600
48727500
56089500
62214400
62079800
51463700
51378600
61030800
61242800
57241100
51572600
49251900
53073700
50590300
70199600
70689600
70135900
63262000
53656300
50407400
54057800
60533700
55047000
50066600
50245300
46773600
49198900
48584100
49966700
48644400
54624400
50512600
51924900
49538200
51162800
49590100
54211700
50159600
53311700
74518900
76173700
60734200
55683200
52819900
49547300
50480500
53024400
51267300
56230100
57095800
50174800
63822500
87794900
61438100
58518200
53550000
47772300
61201200
51854300
50620800
50339000
48650400
49590200
49396600
50593300
48893500
50602700
56383200
47669800
49745800
54185900
47862900
48862500
49034500
47536200
47089400
51974500
56043000
49757700
50477600
51772200
50182100
50238600
50569300
49921500
47490100
49000000
54475400
49373500
48629900
48668100
48675500
49189000
46798200
57568600
74017800
72556300
66268800
55444400
49137000
46803400
47721700
47720100
49148400
48256900
49305100
50767900
48986900
47663500
49608600
48432700
50347800
51670700
51897900
49128500
49575800
56022600
46013400
46432000
47633700
46624200
46544500
46270300
52614300
52483500
54529200
55051200
55964500
51105100
49325500
47768800
50594200
49236800
45775300
45519100
46660800
56032800
50435300
49625400
53783700
77703300
85462600
111766400
82214800
59427400
59189300
59768400
83813600
56519500
49228600
47000900
56935500
47475100
50648500
48033600
48373400
48793800
49152900
48459400
49089800
45809800
53960600
49378800
46384100
45470800
45653500
47263400
50073600
47413300
50425600
50128200
50126500
54089400
56973100
53897500
47369700
47448600
46593000
45288800
46139600
46004400
46930700
54493200
51399800
48765400
48821300
48262900
47354300
48130300
47691200
51376300
51758700
56423900
52807900
46574400
47429900
45273900
45769800
46454500
44952000
50818000
56949500
71615800
59143600
55311900
61507000
59723900
57645600
60643700
64328900
63728400
58308800
49593000
47687500
49954500
49288600
47762400
48726000
54087900
48887000
58605900
46200800
45973400
47324000
47428100
46309500
58068000
48300100
48147200
46260300
56774600
54844400
48793500
50013000
49745900
48011700
48618200
46784000
46308500
46447100
52848000
48098300
46324100
46407700
49607000
46918300
49552500
48892400
47374600
47383900
51298300
53453900
50198800
46383800
46124700
46094200
49014400
47591000
47542700
47848800
48426800
52599800
45975300
50243800
47424000
48297900
48689300
48261300
48402600
49604900
46718200
51068600
51015400
48019800
48452800
46061000
46431500
46287900
46652200
49579600
48550500
48135000
56721300
49316700
47973000
52213000
49827000
47474800
46432200
46045600
45762800
45693900
52712600
46940600
45323400
45208700
48153800
49373600
79833900
60996400
54432100
65097300
58813200
53660900
56263900
55842800
56256200
58842100
56896100
59588900
73778700
58778700
60622100
60111600
59440300
61077600
58578500
58050200
64494000
61776300
57914700
57001900
53882600
52356800
72643900
60607700
58876200
66602700
56972100
49361700
49048300
47607000
46968600
48864500
46902600
45693400
45622100
54160700
53132800
48639700
47668700
50650100
52271300
49193100
47992300
46878200
45688300
50843600
48408600
46515500
46573700
51544800
54886100
55483700
56472800
55355000
58316400
67910300
57816300
52789900
54547900
48144700
47101600
47399300
50322800
53139600
84737000
62121800
62635400
61985800
57741100
56631400
48419700
46463500
49019000
55038200
47301400
46613800
46519300
46597500
46667900
46620900
46294400
48497000
111180700
120615700
167937800
73513000
68277500
62882900
66813300
76862800
94627400
85788200
71061300
64506600
72509500
69994100
50636600
48781200
52821900
69341200
54653600
53307700
45473100
54054900
47981900
48442900
47927300
53165500
52799800
78016800
87214800
97516500
101692400
82989700
77653700
63735800
54840800
53363900
60473900
52766900
51047200
52350800
50037200
50715000
51074600
49171400
48808400
47734900
57606400
49837400
48954400
53344900
49970400
50161100
49556600
49849400
48751200
53717600
55108800
48266400
48490700
48837100
53671600
50858100
48637200
47921600
48187500
58019500
61304000
50238900
51730300
50093500
51337200
50497600
49106600
48684100
48705300
50944800
53007900
48251400
49233200
49283800
54198100
48922100
49167500
59234000
52288600
54215800
68046800
59449300
55564500
51783600
52226600
49820600
49800500
51036000
56347400
53402500
50090200
50516000
52649800
51905200
51200400
51181700
51203300
48316200
62267400
79219900
64195900
62328500
63869100
64540900
53472700
51824200
57442000
50465400
51291500
51955400
49201000
48061300
48919600
47900600
47850200
48572300
57070600
48061300
48101700
49400900
47422800
48582600
47328900
47740900
47100000
47426700
54415600
45440200
46319500
46779100
47777400
45057900
46986700
46082800
46869700
45361300
48975000
55193900
47620600
47992500
52790100
46753700
49888000
46055000
46202400
46111300
49093300
55170200
45967700
45980100
51764300
60482800
60695700
55181500
58362800
56495300
71769400
61453200
57036500
54684300
51783900
51069900
46588200
46967500
53769100
51314700
53370800
50439300
51869700
49969200
49422000
51520000
49563500
49420600
46790800
50423600
53432200
49433400
46251000
47992200
47224600
49455000
47901400
50753200
50126800
50325000
57587600
50798800
48392400
50354200
48166400
47139300
47205100
45872900
45247800
46204200
55271700
47395300
45470000
48597900
48539800
48476700
48652900
48301400
49033900
49477300
54105300
52235300
49479200
87726300
72381300
75777200
62989000
64991300
64525200
53033800
50698800
50370500
52055200
50954700
48841100
49198000
49513400
51796600
56593700
49074800
50833900
48647000
51486100
52193300
59628300
60154000
60730300
76851300
59596800
52858700
48577500
60584300
116875900
65062600
67151900
61860200
50706400
50292200
48673900
49087900
48416300
50688500
47280800
57584200
62487300
55992600
54008800
55330700
51191000
50397500
51891800
49939600
58180800
61569600
64610400
60742700
50135200
45806300
47492000
48090200
51694400
56805500
57236800
58078800
50250100
48506200
59218600
57810200
48677200
47965700
52503200
46931400
114972400
84339700
60125900
54932700
47627800
46776800
50313700
47523400
54858900
47838900
48018500
48461300
54440700
48600200
47773000
47985300
47816600
46339500
52308500
47744000
46145400
45716400
45468100
52060500
47525200
49638300
48946600
131122500
95371400
115170300
76981600
85441600
62024000
66368700
68839700
50434000
49485900
50953800
51794700
58471700
64424100
56513600
55043500
49921900
48229700
48786200
46001000
46594800
45745000
48877700
53023900
49460300
53270400
51926700
52020700
48572400
46519800
47880900
49206100
48552800
46495100
45062000
48749900
51153400
51533800
47222600
49158200
48361400
47474400
66808300
70017000
75436300
76264100
65262300
54847000
52379700
53700800
55522800
69853500
118335200
69904000
66209400
53126700
56253500
47982000
47453900
46806600
46942700
57028900
48826300
88047800
76824000
66179200
55533300
49805000
49743700
56265500
58948300
47123600
48542800
52208500
52665000
45874300
46566700
46768000
53419100
56759300
50461300
47088400
47455700
52096400
60769500
89680700
95936100
100373500
54603300
53671200
55297300
55747300
57818700
61559700
69225300
74384400
66291500
55364300
48541200
47181100
50410400
48172900
49404000
60739800
62584200
53764700
53381400
56881000
56088800
56059800
56116000
56178600
57393700
87043100
79349600
74472700
93411100
83583400
80207300
75103300
50336900
47311000
50698000
55178500
50674400
47967200
46884900
47640300
51116300
58780600
