40618700
38792000
41659900
40433600
37740400
39551600
37460800
36564600
36393900
36495100
38943900
41828500
36558400
35877200
36867800
38626700
38103200
37924900
42087300
38531400
38917800
38356100
38203400
41844900
42959800
39288800
36804800
36433300
36950600
36442800
36482700
37961300
45417500
38089900
37251600
39434600
46298600
45276100
38723100
38037300
39458900
39970500
39633300
39270000
37556500
38069900
37711000
37815200
36610400
43738800
37088100
36230800
36325300
37557200
38596300
37943800
39303800
55903800
47506900
38378600
45138500
57089800
47671400
39927400
39253600
36763400
36492200
42283400
39898400
45037100
38817900
36239600
41258800
45330600
38671200
39377700
37565100
37776600
38370500
37019000
37799500
38274300
37460200
38081900
36956200
36446500
41477500
41025700
37743700
36419100
35973600
35988400
43400800
44659100
38129100
37194900
39119000
38754000
37534700
43964000
40228200
39683200
38477700
39251200
38571600
36716000
37212100
38916900
38622100
37489200
36580600
37707000
44799400
37746500
37515000
35773700
37055300
38851900
39051600
38109800
38300700
42539900
38740300
37684000
39936000
44465600
37066500
36761200
38106400
40314200
37312900
37323700
37836200
36698600
38159900
38219000
37018600
39068900
45103900
38642000
37432300
37377000
42993500
39216900
38896700
38987900
36256000
40279300
39275100
36723300
36168500
43657500
36386400
49273700
40136000
39380200
36231600
42934600
43912700
38399800
39228100
38389000
37309400
43622200
47649600
42574100
37610600
36782300
37776000
37110000
36699000
36832800
36904600
37023800
47226800
39612000
46268300
36729500
39024100
41874800
44657900
48547300
48330900
43768000
48547600
100352700
102186400
45734200
41843500
41578000
38586300
38129300
39244300
41413400
39738200
43002100
41735200
45965200
48544300
40774900
42056300
43541500
43975800
43083300
48436000
42161000
43734400
37756800
43021200
39161200
40133700
40553100
41860300
39153100
38664300
38186900
37810800
38657000
38031400
37180700
39049800
44825400
36622300
40613900
42426200
37451500
37106600
36139500
43368900
40675300
36187600
36165400
38536200
50642200
46090600
43028100
38374300
39090400
43678300
39541500
39003400
37198300
37670200
36222200
36438400
37030100
40749100
45471700
43458400
39794700
45293600
46332500
47754300
40469100
39571500
38569500
37665300
38228200
43943800
39372600
38687700
39245900
37677700
36425600
36188600
36529400
52533400
41482200
35904800
36167700
35686200
44710400
37775400
39281200
37532700
39113200
37395100
37947900
38568700
37451700
39185400
38705000
51222800
63163000
49038500
50923800
40984700
38865300
36592200
39169500
40188300
38842600
41755200
40068500
40473500
46972000
41042900
39605900
37973300
38764500
40117200
39604600
42371900
39435100
37989200
36668000
50580800
55077100
49982800
45640200
39164300
41576100
38664500
38153100
38287700
38832200
37940600
37400700
38134000
44541000
39960400
37309500
37650100
38253600
38581700
36229400
36781400
36954200
37524700
39125500
36959600
36141500
42943900
41282500
37304500
37482600
38805500
39851000
39048700
37335400
38806700
38557200
37538600
37390000
37613600
41348600
40095200
37298400
37689400
38648300
38174700
38358400
40435200
37905300
38114600
37293400
37716000
37572600
42557500
42396000
39129700
38375000
37242800
36274400
36919700
38271000
36701700
37257700
35723600
37113300
36240900
37863100
41263400
42682700
39704100
38951200
38440800
39857500
38938100
38498000
37929300
39025900
36519300
36614200
41497900
41148800
36285500
37965000
37467300
36873800
37357000
36863100
38482000
37533100
38317300
39532200
38806300
40304600
42510100
37565700
37842300
39823500
40399200
36757900
36637100
36560300
36268600
36394600
36312100
36311400
36420300
43038600
38335000
36964000
36689800
40169000
40648600
38393700
37795900
39810900
38612900
37511300
38494300
40260800
44806000
37349000
37956800
39107300
37368800
38206400
39154900
37890600
36359200
35806600
35761300
46945700
52401300
44583200
40278900
39134000
38056700
38382500
38597100
39137000
38568400
37314800
37385500
37260800
37213200
44058400
40432900
37978500
37792200
36522400
36483800
36860500
38394300
37548900
36787600
37903000
37562100
37420900
43479100
39818500
39726900
37729200
37108800
44727200
57630000
45295900
40401200
38704000
36507500
36227100
39835100
39826600
39990700
41024300
38809300
37464500
39080400
38948500
37166800
37043800
39416600
36226500
36625900
41324200
39967000
36252700
36729100
38059400
38427500
41036100
39906800
42320400
38674500
41035400
37804800
38938900
44091300
40061100
37816800
42004500
56405400
41286300
37990700
37308000
36134200
37780500
36670400
36836900
38636300
42330500
35555000
36185400
37027500
40599700
39682900
38509700
38561100
38433600
37664900
37903400
37545700
40400600
42075000
36376200
36357100
36786000
36589400
37691600
37669200
36148200
36408400
37669900
35987400
36024100
38063000
44535200
38019100
37529700
40274500
40838900
42179200
38906900
41094500
37328800
36381700
36354100
36409500
36893900
44551900
36163100
37873800
36913400
35993900
36072200
37890200
36501300
40500100
37991400
37436700
40754400
51393500
51044200
45735800
49593900
41484600
38997800
39148800
39224100
38523900
37274300
36065700
36452700
35838300
41711800
44087300
38657700
49111400
49271000
48143300
48267800
48087800
38862700
39030000
38660600
40471600
43935000
36397000
36447300
36450800
36825500
35772700
36419400
35787500
37771300
37174100
40563600
37286100
37340900
46373600
38177600
37832400
37615800
37145700
38715400
38101600
36880500
36549600
37649900
37039500
36576300
37648100
42252800
38882600
37062200
36738900
36275100
36655500
38604000
37565800
39302800
37540600
37204900
38524800
37719200
40037100
46493200
40272500
37439000
36680500
36454300
36573800
36126400
36397100
37216900
37407700
37037100
35995800
36401200
47403000
38518000
38823600
47630400
41550700
38804200
39791700
38990100
36411900
36805700
36634200
36782600
40553000
40655800
37501100
40322700
36390800
36301500
40904400
39580000
40966100
38726400
38233700
38221400
38606700
44541300
39791100
38124400
38727700
36451900
40801400
50642000
63381100
56986800
48496900
40980800
49451700
41301700
40191500
37263700
38408500
39134100
37787700
37966800
38576300
42171800
54647100
49642800
46315600
40331500
36158100
36708700
35972500
36392700
35980800
38346000
53377700
55442500
62142600
44095400
46903500
39475700
40235000
38038900
37315600
56398000
56862100
42543600
38232100
36235100
36372600
38397500
40575000
36484700
37125900
36426400
35771100
40337400
37740500
43669500
59021600
55596100
41598600
42456700
47945000
38879800
37794100
38016200
37276100
36167800
52385800
48443300
38170300
38245100
37350200
37535700
45746400
37763200
37546500
36873200
37983600
38325800
38036000
41113200
37152100
37498600
37364400
36914000
38271400
43728900
36686800
37003400
37365600
36987400
37086000
37016300
38933400
40561000
38071600
37809500
39147600
37765800
45693900
40858300
41021800
37224000
38131500
37498300
37580500
36549900
36815600
36971800
37531600
36928800
36535500
45287100
37099800
44493800
44664500
40139700
39273100
43922600
49088000
38849000
37290600
37805200
37202200
41628700
42947100
38242100
36347300
39578400
38158700
42790200
37691100
37233900
35986800
44102000
37832500
38478400
45623400
38359200
48898500
49498400
49898600
48649600
48126500
43078300
37991800
37651300
35783400
40896100
37692700
38085300
39253800
37160700
39296100
39005200
38213000
37695900
38679400
38178600
38531100
38487900
44043300
39202000
36929800
38255600
38176700
38871400
36333200
35932800
35983400
37314100
35762300
37712300
36692200
40531500
45485700
39885500
37206400
38286900
41293500
46879300
43064500
39684200
36484100
36912500
36563700
36392700
43482900
36485900
36300900
43067800
37102900
51854900
49389800
51659700
41305100
39850600
40426100
39854200
45620400
44127300
40762600
37828800
37969300
37280500
47855400
60139400
40789200
37494800
37455700
36087600
47718700
38431800
59338000
67703100
55784700
57359900
53195300
58231100
47770500
51112000
45133500
47971100
45427200
42554900
42721800
52907000
43185800
41721400
49715700
44993800
53123500
47980300
47777100
50522400
46111700
46645700
45027600
43701800
41323600
42542200
42280300
44539200
43477300
38058000
39655900
37194600
40751800
39009000
40443500
54117700
48151700
38786700
37779300
47609000
46174600
47484200
40312600
38214300
40188300
40408100
38957600
38951400
37878500
35893200
35973700
44739800
45077900
38233000
39306500
37461900
38900300
38220200
38202900
38438500
36494400
41642700
38206800
38459300
45436500
43359200
39363500
41016400
37906200
36394100
37825800
39179400
39539900
38212100
37676600
37623900
38213300
45286400
37573800
36943200
38380800
38305000
37934100
36512500
37721800
36864900
52546700
43514400
43203100
45607500
41661200
41242800
38008600
37926300
37968200
37370300
36909600
38706400
37780700
37089900
37916800
36810800
41344300
41459500
37839300
37806800
41039300
37786500
37269300
37488400
37340300
37638100
40617700
38097800
37381900
43896400
49694200
39567300
37326900
37443600
41744600
39585700
38312400
36711500
36689000
36354700
36205800
35988800
45007100
41725900
38033300
38801100
39991300
41055100
40816700
40785100
38249500
37638800
38042600
37500900
40209700
43577600
36407000
36774700
36495000
36689600
36419000
36445600
36155600
38601600
41518300
38960200
37802600
38812100
46458400
38561500
38291300
37559100
37319900
38189500
39095100
38615500
37200300
38332900
36720000
36728300
37453300
42706200
36654600
41416000
37876200
36673800
36182400
36020200
45704100
39239300
38221600
44352500
39036800
45455500
44053600
37697600
39296100
36397200
36420700
36552000
38231300
36331400
36216100
36077700
36869200
36563400
37678600
42638600
38607200
41083600
37377100
42767800
38470600
38513000
37522300
40265100
40717600
38798600
36580200
41032900
39059700
36598900
36759800
36129100
35938500
36093700
37184200
35750800
39583300
39531000
41556100
39235200
40235800
46376400
40850400
38590000
37669600
37086400
39277100
36453500
36173900
36422700
37066300
39349700
41059400
40076500
41239200
38198100
37812200
37110400
40345800
38462800
38886400
37701800
38424700
42552000
49713100
53612500
51913200
38552800
40965100
39166100
39586300
39130700
37147000
40309000
39703100
36028700
38022300
38091900
52300800
42587700
41459400
38761300
42343800
40728500
38342900
38243700
38196700
40196300
40695500
39110300
48965500
41700900
36856900
37524000
39408700
40543500
37040100
44762500
39223700
39429400
39171800
37842200
37200900
50896800
43612300
39041100
42067500
41649900
38383400
37876300
37667800
37268300
40713600
41804500
40556900
43424400
38790100
43469600
38924800
38557900
40240200
41688900
39074500
38965300
41364600
38176400
36934500
38517600
43161100
41470600
39570100
37250500
36270900
41007100
38148400
37096500
36096200
41598300
45410300
39429500
43494900
39781000
38647200
37601400
37750200
38869000
38153800
36273800
36367900
36335000
36885800
36492900
37784100
40264700
45667600
37942800
37982200
41104300
40893100
41768200
40861100
37171500
37381100
39946400
42813100
44277000
49405200
39885000
37062400
38981600
39853400
37509200
40979700
39368600
41260900
40976300
35750200
37901500
48374600
43307500
39124400
39368000
37719100
37847800
37622100
42354300
40375400
37767600
36930200
36281300
37013900
45328000
38302300
36826500
37201000
37611200
37276000
36480800
35923900
39941800
43008600
48339800
39755400
40366600
45630200
38957300
39859000
37363600
36344100
36517900
39629100
36883700
37960900
36128400
36707300
36180500
35742700
44266900
37707400
39430300
38117300
37788100
37765900
37082400
38460300
37404400
37446900
38867700
36839200
40777200
50318600
42278900
45487600
41027000
38406100
38094800
39078500
37772100
35813500
37748500
38230000
37406000
48183000
46181000
40365600
40626900
38825400
42001900
38615800
36513900
36374800
36606400
36658900
36415300
36148100
41180000
45817800
38044200
37453100
38299000
40362800
40228100
37633600
37232500
38785700
37702900
37999800
37322600
48981700
43643700
38439300
36696100
37394900
37681300
36619000
35731400
36177400
37052500
35773600
36434700
36010700
47906200
38951200
37698300
37969300
37245600
38515200
39870200
37828300
38978700
37046500
36399300
36357200
36411100
44248200
36711500
35742800
38111100
35919500
37025500
36923600
39414600
40300300
44045600
50015800
45796300
50811400
46603900
41503300
41901500
42572500
43282900
44956900
45518900
42765800
42537600
44001700
43416700
47358600
52330500
49726700
43772600
47878300
44454600
43599600
42295000
42021600
47683700
47488300
46986900
47604900
39708100
47267600
46891500
42764000
65445900
43476900
55672300
53358000
49051100
40912500
40203400
41267100
41353600
40167000
46614900
45087600
39299500
40879900
38233400
36205000
47153900
50908400
49306300
43826700
45863300
49310700
45929200
41307300
41948600
41125200
39031400
47126700
43505900
37273900
36736600
36572100
36138900
36252100
36266500
35805600
37115900
37061600
36958200
36271000
43293900
41540100
37788400
38233300
37896200
38696500
37882600
38413500
39077600
36693300
36388300
37623800
37546200
44363000
49224600
46569300
40232200
38202100
37111800
36269900
38239300
37583200
37574200
37342900
38877300
39944900
44576400
37430300
38211600
37407100
36855300
36876500
37450300
36397700
36794300
38131700
36737100
36772800
37792100
46265000
36751900
42789100
37959100
38149900
38047800
39894200
44910400
43097600
39480000
38196400
46137300
43796500
45283700
41640700
40626500
40436800
37506300
37940100
37177600
36104100
37098800
38998100
39311200
38505200
47494700
39802000
38676900
38152900
37539100
38370700
36818700
36773800
36665400
36768900
36268800
36311900
35977200
44216600
37389000
37035000
36759100
35945400
39413900
37352700
38326500
39715300
37330400
38204200
37859400
37898700
46853400
39070500
37470500
38885100
36459700
36440200
36416300
36421800
36199900
35812900
38328800
37312900
36633400
52719700
55064000
47818100
46414100
41620600
38929700
39949800
39407800
36967100
38087800
37232300
36427600
44410200
39470600
35918600
36140200
36259900
37027000
36769800
36775000
40937600
38326500
37395000
36876100
37510500
43932300
40958100
37708300
38162900
36712200
36622500
37556100
38657200
37183800
37133900
36605400
37322700
44585400
58757100
48928800
49401300
40288300
38734900
37893000
38075700
38389500
39284300
37076100
38854600
37541700
42509500
38955100
37231700
36950800
43841900
52859000
45726200
39202900
37089300
38753900
38811600
37665900
41798400
47717100
58734300
48872600
42081100
39175500
37325000
37479000
37215900
37972500
37219100
37373000
41088000
41127600
36822400
36846100
36622700
42235500
40023800
37870400
39460100
38022900
38912100
39321900
37575500
45936600
40631100
37476900
36551800
36539100
37341600
37654200
38718900
38488100
37614700
37219600
37309100
35999100
45044100
43410700
38077300
39555400
42611600
42440900
37828400
39683300
38833600
36639600
36468300
36830100
36807600
44323500
46247500
40448200
39514000
38204700
40366000
37731700
38049300
37235500
38369500
37434600
37301200
39213000
44891500
38455300
38320900
37214300
36861500
37012300
37906400
38692200
36562800
36543300
36114300
36318400
36941000
45741800
36626300
37836000
38434200
40900100
37278300
37989900
38460600
38965700
37927900
38311600
40584700
55879000
49204300
40078000
38322900
38108000
36353800
36933800
37918100
36760500
37374500
39924400
37691100
38467200
41402000
48916100
39851100
39004500
37905600
44859800
37921800
37149800
38972000
36659800
36370400
36484600
36947700
44778600
37892500
37368200
41682100
40672900
40142900
38177100
39035000
41837800
48579100
44495400
38608200
47018100
38548600
36629100
36578000
36443000
36787900
36409500
36090200
36524800
36326200
38105700
37422100
42380900
57460500
65998700
44367300
40557500
39670300
37842800
39914600
40314000
36675000
36424400
36288700
37651600
43531200
37534300
38591500
37659800
38287300
43899300
38369300
38909900
36852500
37156400
41102200
40504800
40356900
45144100
37579400
38826600
37149500
36235200
37106400
36553000
37567200
39541300
41246200
37306100
36427700
36875000
44021100
36431600
38529900
37300200
39032300
42087800
39140700
37680900
38018300
38695000
37746200
37087600
41797700
49923900
62622100
40355600
51945800
56916000
46788600
43154500
46292200
47970200
46139700
56496800
54971900
49263100
42765500
40617600
40032100
39156400
41925100
42230600
62493200
52308900
66232100
55329500
41823900
40004700
38241000
39099300
39050800
37566900
37475800
57146000
63565400
49386300
41128000
37418500
36588800
36355800
36268200
43877600
57725000
45456300
39140600
36002400
45357500
38776800
39044500
38175200
38161700
38745000
37726000
38292800
39230700
36426800
36895000
36744700
36697900
42657500
38124600
36132300
36810500
36408300
36613400
36535100
36494700
39063800
46920900
59316600
49283200
47733000
40262200
38187100
37619300
36294100
36434100
37006600
37857700
36121200
36120400
36540400
35969900
37241800
38954900
40562500
36073000
38709400
37558900
37423400
37615800
37479300
46235900
38943800
36779500
39661300
36377900
39383400
41867200
38583200
37362300
36567500
36379200
36069400
37347800
35972500
36459000
36569900
38470300
46956200
41803800
66231700
47612400
38748600
39393700
38221600
36132600
37519000
37232200
36747100
36994000
35944200
35864100
43982000
42232700
51629700
61122400
48450300
42141700
38322200
38966300
39091600
38620600
38445900
44529900
40763300
36735600
36483600
36717000
36289200
36932100
36035800
36019400
36829700
36094500
35926000
35874100
38663700
53107800
40813300
37856600
37162000
37333600
42943900
47597400
42310200
37598800
37043800
36252200
36871000
42618600
47478000
57190200
49237600
39317300
36782600
36513700
38824300
37237500
42719700
59652400
57892300
44324700
40572300
38424200
36681400
36513200
37722000
36588200
36786300
36173200
35900600
36863900
44830400
70455500
47456400
40507200
38563700
37158900
37456800
37698500
38095200
37860400
37570800
56459800
64521100
44872600
37465900
38074000
35839900
36693600
36967100
46054800
41673300
39028300
40635500
39285100
39619800
43880200
37781300
38750200
37713900
38111200
38226000
