19023200
18233800
19254100
20358100
17082500
18068200
17648800
17181700
20057400
22435100
22554800
20028300
17972400
16749900
17178800
16901000
22657500
22834000
23462000
29696200
23994100
21048300
28523400
27742800
59471500
29015400
25094500
21605300
57430200
34663600
30103600
26993500
25712500
19891800
19715300
17938200
17846600
18264800
19355600
19392000
20406400
19289300
18902600
20967700
27136400
21352600
21887300
21243600
22317100
22788300
24840800
27318400
19589700
20508900
21952600
20896900
19292500
21172900
22709400
18587800
18519800
20202100
19444700
22750500
28401200
27580400
20055200
19826300
21858400
21481500
18182100
17331100
20044800
20033900
18158400
18211100
24065800
27348200
21924400
17994800
18144900
17987500
17998300
18960600
18021500
18096900
17635200
17306900
17376800
17727500
17400300
19507900
22286900
24733600
22622700
18075300
21793000
19695700
20366300
25280400
22430200
19288100
18006700
19251800
19965700
18766000
19066400
18752900
18937500
19338900
18471900
18069300
17925600
17611600
17415500
17711300
17542700
18863700
19758300
18925400
18060600
17986800
17705200
17000700
16995100
19747500
24463200
27979700
31468100
35229200
24762700
41155100
27546500
25642300
21266400
23372300
21813500
22700400
22276100
23623100
20909100
19958600
18803900
18117100
18137200
17625100
23705800
23535600
17613300
17372000
17265600
18154400
18662200
18134900
17390900
17343700
17082100
17068400
17576100
22167600
19604600
18120500
18712300
17783300
17407700
17342700
17665400
18671400
17168600
18389300
18423800
17593500
17514600
24237200
23285400
18757000
17795200
17954000
17618200
19833700
19608800
20189300
18748300
19252700
18349200
17950200
17359800
18061400
17996200
18778300
28393900
20696400
20816700
28374500
23801700
24471000
21740500
22983200
24069800
24407300
18077400
17968500
17704300
17298300
18648100
17308400
17474300
17779300
17758500
17884100
18373600
17734600
17482000
20610600
17682600
19351800
17760600
18694000
18204700
20541300
18162700
18371700
18130000
18785200
24843200
23618100
18186400
17724300
18191800
18050300
19946600
17445800
17145200
17225900
19446500
18414600
17925600
17981800
17664900
17965400
24237000
22419100
22384400
22364300
22848500
23455500
23081800
23896700
20902200
26639600
25904700
19793400
19595500
24634800
24225700
22751200
25926400
21481100
22350000
21265000
17758400
17769000
17819200
20322400
19163000
20648100
19128700
18149600
20296100
17681500
17511100
17465400
17544800
22980000
21344900
18212800
17230300
17392700
17741200
28118400
19405800
18002600
19424000
20647700
19323100
21378100
19512900
18221900
17696200
17039700
20958300
19794100
17898900
20924000
17155100
17680300
17626500
17832700
18105800
22252400
23236600
17782100
18410700
18089000
19048300
21072000
20215400
18568200
18642000
17531200
19881300
17225900
16986800
17240800
17918400
17312100
17257900
17262700
17736200
17433100
17549500
18911900
17297800
17416300
17997000
17198800
20568200
21571100
21660000
17107400
17114500
20162000
20926500
25562200
31241200
35786700
24188800
21216800
18525100
24681400
24359400
38124500
26671300
22391700
27126300
28172100
29353800
37405300
28757500
27334000
22678500
21163500
22844300
29399700
24781100
21553600
20857100
26343000
24850000
18090600
17962000
19186100
21205200
20798600
18510600
19351000
19611900
22656900
21909700
24947500
21679700
21442800
20215700
20767800
23135300
19898000
18102900
18954700
18519900
19450500
18238000
18053200
17493600
17554700
18835600
22382800
19315300
19266100
18104400
17319900
17062900
17262900
17055400
17769300
18959400
20903600
20984900
17095700
17414000
17256800
17370800
17542300
18379700
18300700
18543600
18199900
17193300
17335600
17518700
17147100
21502800
21677800
19214700
18353900
17998300
17875900
20326200
18140100
17875900
17910700
17792600
18716000
22653100
22659400
17895400
17701100
18076000
18647800
17690700
17239800
17159300
17136300
17052600
17345900
17124300
17250900
17350900
17197400
17447500
17693400
18592900
17850600
18136400
18177100
17105300
17311300
17524000
17326100
16888700
18499200
21514400
18960000
16913200
17118700
17575900
20234300
17516000
18047500
17603200
17723000
17715500
17855700
17498200
17988500
18909900
17799100
18429200
17926200
17963800
18018900
18923100
19887200
19149100
18101300
17765200
17595400
19570100
25815500
21972800
18275300
17313000
17875000
17793700
17555200
17257600
17122300
22368600
24631000
20194300
18440400
17963400
17175600
17847400
17124300
17024700
17469600
16919500
17274600
20000900
18161900
17814600
18083000
18077600
18984800
20863200
20230600
22478300
21531900
22500400
23391600
28293500
26390100
27854300
24752600
23291700
22518400
19243200
23780900
23248900
25580700
20673200
18980600
18029200
18487000
20284600
19729400
22088900
21596000
22491500
21450500
20181400
17998300
18323100
17833000
17120600
16981200
19065000
19617900
17965000
17908800
18221000
18046300
17948000
17597600
18225800
21470600
20001100
19387200
18624900
19369800
22518500
18484600
22421700
25506000
18391900
17271900
17351300
18139600
17996900
17088800
17186800
17206100
17928600
17750500
17026000
20372400
19344900
19145400
17713400
18094400
17061200
17757700
18459300
28262300
27955600
23127100
27336600
28829400
30006400
26915100
21322700
17861500
18730900
17516700
19700600
17759000
18073400
18035400
18365800
17717200
17645600
17807700
17980100
18699400
17834200
17933900
17557800
17870700
17662300
17284100
17440600
17335400
17300000
18882400
22672100
20351600
17993200
17237600
17560600
17120800
16733000
16930400
16971400
17367300
16792300
17721200
19993100
19275200
19943200
18645500
23683200
23797900
26470600
20082100
21088400
21260200
20037600
18786900
18326700
20388500
21879800
20022400
21773200
21101100
19889400
22753500
17206300
17186700
19046600
18966000
20329400
18369100
17913100
17341800
17375800
17367600
20696700
19788600
18053200
17625800
17489000
17596400
20424100
19278300
18516900
26585400
25013100
19971500
17625100
17825600
24394800
21698500
24871800
24738100
25090900
24362600
24657400
22833300
26729400
24257400
26378100
21414600
19313100
20739900
20487300
18181700
18272000
21789900
24002900
22259200
17838800
17655100
17984400
20452700
23886100
18247400
18042400
17261100
16825600
17589200
17243200
17109400
16986800
16916800
16861600
16921300
17059900
17001800
17242600
20782300
18174300
17690200
17790100
17926600
18790200
22234900
22353600
18490900
18383000
18784400
18246900
18091000
17675000
18118800
20197500
20280600
18821700
17106300
17542800
18087500
17191900
17590100
17368200
18474500
24757400
21137300
18642000
17883600
17855700
17642800
17148800
19258300
21971300
18395000
17288800
17549900
17489600
16803000
16920600
17303000
17046800
17128300
18708400
19845000
18122900
17541700
17864800
17784900
18298900
18242200
17721200
18004700
17798900
18373800
19040600
19327100
18536400
18123100
17992900
22300200
24725500
19486000
17409000
17907500
17922000
17330700
17581900
17279100
17259400
17336900
17422600
17641400
17253800
17219100
16662900
16859400
16925300
17418600
17261100
17236800
18811000
17070500
16677000
17876100
18550900
17666200
18652900
30455300
25531100
51045800
34345900
24892700
39962600
24044300
22024400
21136600
19272100
17983000
21695300
17584900
17135200
17676000
18923000
18689400
19399900
21255700
21356700
18874400
23716800
22677000
22799100
19080700
18114800
17766500
18863400
17130300
18986700
18185600
18700000
17490100
17397300
19964200
17232000
20521200
18225900
19644500
19000800
34362000
21840800
18578000
19456900
17643800
18858000
25602100
26325700
22459200
20238800
20424400
21619700
21585900
18244700
17613200
18076100
17698100
18221400
21091000
21433000
18060100
17290200
17135700
17582600
17345600
19138600
17200500
17439300
17014000
16822700
16714200
16881800
21643500
25368300
26534400
19621100
21459100
18221700
17902400
17742500
18250800
18292500
17954200
18073100
17715200
18932900
20127300
19860700
19978900
18421900
18446700
18227800
19044000
20705200
20608700
18213600
17855000
17475500
24720900
24668000
20027400
18310000
17951600
17419200
20325700
19822300
18120100
17610800
17501800
18221600
17541200
16830700
16641700
17280200
17255900
17642400
19178000
19088000
23910000
21424900
19375500
18484300
18220200
18277100
21833100
21559600
17885700
17650800
18315000
17621500
19202500
17755100
17632800
18204400
17999300
18864700
18079900
17366800
17268500
17398200
17560900
17258000
17817400
21154000
26981600
35214100
28188100
22273800
23559000
66313200
25016800
23084400
18799700
17710200
20262300
17442300
20942700
18114000
20872400
20889100
19786300
18662900
24111300
22479300
22195700
28193300
21461200
23669900
21761900
19918700
28755800
27298400
21342600
20381800
18746700
21701100
19264400
18451600
23549000
23646300
22274400
21232200
20376100
21601800
22360700
23173700
24330100
38020300
21803300
22158900
17990800
18348600
17096900
23310100
21986200
19314700
18022900
17561100
17534900
20348700
18735200
18460800
19311100
18461100
19053100
21755400
19224600
17660100
18363700
20607800
18283900
18139400
18624700
17215400
17202800
18534600
17294200
17385600
17247700
17115400
18436100
21368100
20873700
18353400
19117100
22933300
19380700
18759700
18648400
18383500
18479800
17815700
18967500
18737000
17431100
17468500
19426200
17804200
17991000
19551400
18583600
19035400
18422700
19035000
18674900
17866100
17715200
22564800
22850700
19518800
17781300
17681200
18351300
19989900
17313600
17412400
17344700
17088400
17229500
17476900
17341200
17431000
17388500
17193300
17362600
17833800
17286600
16831100
18226800
20910200
22208300
17674500
18026100
17782800
19273600
24197100
21996600
18170900
17957100
19979500
21450000
20553800
17924400
18330400
17956600
18239300
17977600
18082700
21087400
22815200
20063100
26424500
20597300
19660600
18915000
25070000
20685700
19924200
18424900
22125400
21566200
18692200
17576400
18034100
17621100
17860400
17964600
18101800
17788900
17766700
17566600
17781100
17444700
17310000
17630900
17444300
17379200
17615400
18083200
17350400
17039000
19874700
17982000
17857500
18288800
20803000
22801500
25980000
21153100
20373200
20028200
21454300
21412000
19794800
18407100
18588300
19048300
18616500
17069300
17648200
17366300
21010900
21856800
22257100
20897400
18464600
18491900
17841900
17587900
17037400
17234400
17090300
18982900
19363100
20294900
26588500
28189400
22374000
17594400
18298900
17353800
17013600
21964300
17701300
18729100
18479900
17923900
17906700
17904700
18310900
19358400
21874900
21305200
18895200
18635900
18069200
17527200
18404500
23716200
25043600
18808900
24585100
25653400
21673500
19698400
30053400
47730300
32231600
29021800
44718600
42667000
29947800
28482800
24362100
20106900
19938500
26088900
24077900
19113300
18828500
18933400
18751000
18799200
20953200
19387000
21178900
27136500
20612300
20076700
18544300
18755100
20128500
17516500
18955800
21294200
19293700
18494700
18450500
19286200
20827700
20167800
22835000
23231300
17472300
17169200
17334700
17706300
20204100
18152000
20024900
17643300
18915300
17124300
21438500
22164600
22067300
20816600
19781500
17835400
23134800
18045300
20262000
18667200
19571900
17898600
17882500
22006100
22073400
18686900
17509500
17905900
17753600
18653700
20012200
19262400
18220900
19002700
17474100
17465100
16985200
17395500
17952600
17475800
17330100
20371700
19311300
18128300
18725300
17886800
17615600
20136900
21331600
20010800
25181200
23276000
18938100
17498900
17411500
24424000
24931500
19607700
19991300
17560800
17827000
18672400
18479400
18573300
17715600
21606900
22987900
23184900
18899000
17986000
20852100
18168300
17530800
17287100
17755100
19633400
18689600
21310200
22766900
22113300
17759300
17990800
19394900
19421800
18449800
17967400
17370800
17620400
16854400
17316000
17183400
17262600
16894300
17336600
17332300
16812000
16690700
20741200
17466000
17899200
18867800
22687500
22693800
23062700
20508400
17848600
17522700
18520300
18103900
20684800
19571100
19722600
18595700
19356100
18469500
18774600
18002800
20217700
19237300
17776900
17141600
17585300
17104600
18516900
19469300
19224100
18309400
17868100
18452000
21226900
19984500
17157100
17069400
17949500
20509400
20397000
17471100
17328200
17464900
19487000
17469700
18114600
17921000
17866000
18003900
17526600
17699600
19608500
20742900
20315300
20264500
18788900
19458800
17780600
18305200
19762200
24182800
23699200
18392600
18566300
17478200
19228300
19293000
19795700
18030600
17791200
17198500
17702500
16988600
16983400
18107500
17516800
19036200
17086200
17613700
17308600
17593200
17489900
17637100
17820700
17243400
17013700
18386000
21585300
21150700
24648500
18947800
17950300
17883900
18086700
17742200
19486700
18439600
19664400
18655600
18047800
17697700
17943000
17597000
19245000
18060300
17846200
26617100
18449700
17715100
18254800
17903500
17297800
17184600
21028300
22320900
17871800
17306200
17000300
17031600
16764700
17273000
16951400
16828600
17174000
17981100
18277600
19239800
18884000
18449900
20173400
20497400
18805300
17652900
18732400
18488200
17437600
18017100
17400900
17868300
17704100
19333700
25114900
22243500
20024900
19111800
20377900
22701300
19008400
17849700
18006800
17785900
17236700
17293300
17265500
17506800
17067000
17340300
17770700
17569600
16823900
16994800
16628300
16957800
17651100
19718300
19427400
17878400
20183900
22113500
21287300
17034100
19719600
21870000
21742200
21475400
19439400
17948400
23141300
24644600
24951400
19674700
18478500
19633700
18223400
17850400
17896300
21773900
21669400
19569500
18600600
17150300
17068500
19716200
19960800
21416700
20584200
17372300
17246400
17321500
17405600
17262300
17252900
16994100
17146200
18055000
16976600
17335400
17410000
16642300
17250300
17399300
16755400
16778600
16819500
17949300
23270600
20576600
18810600
18771000
17592400
23147800
25524900
23919700
25128100
24469900
24277800
24395800
22877600
18685700
19142000
18095500
17292800
17369300
17040900
18259700
17722700
17155400
17586600
17304000
17520400
17070500
17311700
17136200
19162700
17682200
19749600
25232500
20906300
18256200
17506800
17308200
17016900
16880400
17101100
16821900
16601600
21409800
18328600
20835300
20378300
18600100
18307100
17821100
19190500
20018900
20586000
19867200
18196800
17763400
18278900
18993900
28839000
30763100
21736300
20886400
29765500
28008800
23574600
22696600
24716500
24383600
22432800
23189400
27552500
25481800
24002200
20703200
16748800
18115900
17818300
17288400
17872500
17174300
19009700
24490700
20803900
17767900
18062000
19044200
17597200
17782300
17678600
18004600
17822900
18687400
17729000
18632500
17744200
17768300
18137700
19015500
20325200
18254500
23632000
22732100
17871800
18564400
17681400
17401500
18492800
21778800
24932800
18182100
19394400
18609400
20112000
17599000
17176300
16974300
17351000
17019200
17714900
17399000
17203300
17137100
18508300
23269200
20600100
18415500
18425600
17559200
17791700
17728900
17874300
17554300
19334300
19378800
26451000
23534900
19090400
18237900
17989400
18782600
17781600
17039200
17203800
17557400
17183200
18718700
19300900
19970400
18052100
17656400
17219900
17662400
17212300
17156200
16785800
17101400
16943500
17309700
18653100
19052500
18867000
22984400
23091800
20852600
19508500
17763200
20159900
18251000
17725000
17591800
17662700
18489800
17719500
17622000
18412000
18561300
17998300
20240900
17530600
17573200
17567900
18624400
19670100
22845700
18911100
18219300
18026300
20506500
25787700
22477200
18422400
17135700
17210500
17185400
17628000
17505400
16998100
16603500
16969000
17059400
17630400
22127700
19456400
19998100
17901500
18048500
17050200
17993200
19756300
22076300
19868600
18216000
19030600
17953700
22786500
21924700
17749000
18205300
18345200
18483900
18041200
17971800
17591200
17818600
18121100
19405100
17922200
17163700
17516600
16974000
19223200
17011900
17369100
17103500
17328400
16887900
17791600
17568900
18815100
18157100
17864600
19536200
26094000
23058800
18313200
19777000
19082000
16920500
17170300
18199000
19564700
20342600
20088200
19915900
18133700
18868000
17951800
18129800
17940200
17708400
17613100
17912200
18288700
18548400
18313500
17508700
18197000
17474900
23813300
26087900
20545000
18380300
18148700
17875700
17436700
17458000
17346700
17270300
17503800
17107900
17231900
17207500
17413700
16922200
19730100
20293700
19324100
19172700
20989200
17871400
17885800
17336900
16794400
17187000
16884400
23882400
22530900
18564300
17855300
17742500
18484700
17761400
17417100
17854800
17451300
17755500
18468700
18697400
18043000
18005300
18050600
17748300
22711800
20325100
18427300
17914700
18258800
17412400
17424200
17261400
17713900
17207800
20684300
22170800
18617700
17115400
17157200
17179600
16914800
16750100
16901200
17465800
17747400
17745000
18235500
17703800
17885300
17592200
17338800
23239000
18417700
19617900
33941700
27595100
23651100
21926300
19898400
20072200
24944300
22393900
18048100
17979700
18315100
19137900
17957800
17410400
17445300
17084800
19112500
18898500
18859300
18497500
17854400
18602300
17378300
17319900
17327200
17298900
16750700
16897600
18277400
18292000
18312000
18288400
18646200
23703700
21892600
16921200
16909500
18384200
21074300
20206400
18391800
19167500
17507200
17842200
19089000
18288100
17747700
17894600
19133600
18177600
17793200
23025500
29993400
20109000
20033300
22597300
23777900
27162900
27950300
21084600
17978200
20107500
20810900
18103500
17524800
17698400
17997900
17997600
17533500
17734500
18191600
18688600
17634900
17888800
18242400
17585200
17921300
17988700
17648800
19439100
18240600
18254300
18101800
18014000
21775800
23145800
21538600
19085900
18731800
18730300
17688100
17399400
22260200
19626300
21377300
19440200
18432500
17227700
17378600
18973400
17655200
17299400
17881900
18145800
20860500
18077600
18463000
17297200
17326100
17107200
17972700
19897200
19650400
23565000
22886400
18538700
18034100
18155900
17387500
16980900
16598800
20633600
19230900
20225800
25695000
24440700
18873400
18986200
18790400
18255600
17605400
18541400
17774600
17704100
19166500
21315900
21410200
25715200
20822300
