14562400
12618500
13284000
12625700
16009700
17147200
17504300
15967700
12800700
13447100
13354100
13517200
12895200
12591800
13439400
13315000
13975600
13421400
13086900
13316800
12894800
13700800
13838900
12926300
13105500
13523600
13423900
13296800
12714700
13353200
14379300
13783700
12759100
13416200
12768400
12804200
13298400
12984500
12710700
13123600
12863400
14340500
15579300
16280700
13278100
12565600
12917400
12820400
13266800
14353200
14596100
15583200
14848700
14071300
12794000
13536000
15001600
12391800
12485600
13932100
12893800
12226800
12817700
12638900
12814700
18453800
18912900
17502000
15790700
17821600
17728200
16001900
16901400
13834300
13041900
14412500
17626600
17405200
14990400
17385200
16785300
15191000
13087300
13171300
13436600
13220000
14160500
14268600
12804600
12802600
12796400
12619400
12806300
12912700
13261100
12417500
12828900
12659000
12579200
12514600
12707200
12570000
12837200
12288500
12432700
12773400
12808600
12572800
12677600
12636300
13640600
12820600
12408600
17164200
16213000
16831700
12911600
12516300
12585500
12307800
12888600
12721600
12662600
14079600
15296900
13314300
13818600
13443500
13539600
12583900
13033800
15020500
18091800
18382500
17885900
18131900
18213100
13404500
17183900
19282700
18537600
12876600
13087600
14962600
14649700
13534300
13288800
16254500
17414500
16305400
12504600
12777000
12887900
12982900
12700600
12365000
12568700
12754500
12227900
12838300
12885300
12836900
12514300
12154900
12623400
12588000
12460100
12885300
13182600
12925000
12380400
12138000
12851400
12843600
12433600
12945800
12526700
12825500
12729600
12126100
12907800
14676300
13762600
13604000
12791200
16126700
16038700
18003700
13003400
13534000
13349200
13986500
13012700
12550500
13375100
13355700
13817800
14514000
13548200
13408800
13193700
13629000
13313000
12855200
14446200
13472500
12748800
12795900
12620300
12941200
12943300
12661700
12432100
12941500
12984200
13662300
12466900
12358700
12914100
13263400
14556600
12977700
16028000
16614800
15509700
13867200
12581500
12426600
13453800
12535400
12593500
12477700
12793600
12526400
12985800
12551700
12370200
12379000
12263700
12573200
12939400
16729900
13282400
13253200
13690700
13480200
12970300
12689500
13494300
13659500
13448100
13684400
12569800
13676100
13717200
13443700
14042200
13131200
13480900
15883100
17492000
16939600
14283200
16005700
14031700
12669900
14856500
17266700
13710300
13188900
13273100
12836700
12699300
15218300
13570400
12922300
13209400
12771300
12577600
14304500
17487700
18353700
15307700
14737900
12295800
16820900
12768100
12770300
14454400
16047900
15976400
16774400
13175800
12497200
16792900
13054700
15619200
18436500
19073400
15130700
13265200
12706200
13136400
13509900
13013900
14418600
12449200
13393900
13230700
13168700
13354800
12466100
13817900
13348500
13253700
12644500
12984700
13270300
13338900
13148100
13060100
14607900
13249100
13648500
14088500
15178900
13765500
13062100
13347200
12673700
16333500
16019400
16321000
12796200
12623000
12492500
12587500
12936900
12815700
12994600
13344600
15141000
15148000
13667000
12739000
13153800
13629900
14130600
15311300
14015900
12681400
13489700
12562100
12871300
12606400
13837200
14708400
13767700
13606100
16178200
15335100
13339700
14008900
13796700
14652400
13318000
15706100
16144000
15711900
12659700
13800000
13721700
13123100
13374800
12533500
13620700
13292200
14375900
13553100
12631800
12778800
12601100
12796900
12590500
14075600
13176800
12933200
12740400
12616200
12447200
12547100
12912400
12814700
12247200
12983900
12694100
12534700
12477300
12437300
14047700
14198400
14006000
13151300
13490600
15331800
17514500
14624600
12422300
12484300
12494500
12728900
12621000
12576100
12572000
12199700
15102500
13883600
13152800
13231600
28077800
16763100
16416900
17710000
16615700
15317600
14037200
13701400
13009100
13692700
13658000
13603200
13244200
12931800
12563800
13135600
13938200
15173500
13150700
12971900
15997800
16237700
18019600
14188800
12717900
12965900
12990500
12666200
12839400
13066200
12839000
12417800
13278400
12785900
13113100
12257700
12784000
12660100
12725100
12565700
12622700
12685100
13065100
12800100
12422000
12291700
12701700
12887400
12162200
12448500
12510900
13043000
12698700
12640300
15607000
13551800
13431500
13265600
12584300
16688600
16217900
15858800
14095400
13422900
13610200
12630700
13163000
15088800
14868700
15081400
13757900
14486000
12727100
13556300
13238900
13616200
13981800
13119700
13175900
12585700
12629700
13238700
12610000
12626900
12827200
12818300
12718000
13060400
12918900
12882800
13036800
12242000
13230500
12822700
13058600
13336600
15529200
17247100
14733200
13528600
12852900
12503400
12155500
12540600
12629600
12751300
12265800
13090300
13141500
13853000
13206200
13254500
23001200
18099500
14334700
13352400
13958000
14066400
13529000
13445100
13209600
13031200
13447200
13637900
13216000
13682900
12248400
13260800
14206300
13307200
13045900
12737600
15394000
18052000
16191900
14609900
13048600
12958000
12852800
12372200
12758100
12937400
12772700
12965500
12637400
12731000
12508200
12265300
13789200
14277600
12973000
13482100
13075700
12826200
12657300
12638200
12576400
12661500
12745600
12717800
12901400
12846600
12895900
12311800
12210100
12748400
13019100
12715100
12596200
14541100
15911300
15893700
18113300
14025600
13808600
13725400
13226900
13276900
12653700
13221400
12966900
14024500
13086100
12502700
13229100
13265300
13580100
12205000
14930100
14008800
13939100
13403400
13409200
12709200
13718600
14617200
13360800
13335400
12621400
13174100
14004900
12716700
12514200
12795000
12946200
12997500
12540800
14813600
14357600
16817400
17853000
15564800
12918400
12411700
12592300
12499100
12297800
12144100
13769400
13887400
12643900
12501700
12633600
17201400
17258500
13791700
13411200
13233200
13744000
12729500
12664500
16859800
13367900
12794100
13219000
13542500
13475700
13842800
13342300
13583900
13805600
13626600
13993000
14042900
15868900
21626600
20915000
18450100
15013800
14053800
13927100
12956800
14635000
13737600
13940200
14271900
14883900
13764900
12875900
13337100
12964400
12808600
13574300
12640500
12773100
12709900
12757100
12761400
12827300
14139700
13943200
14898700
13684500
13155600
13266200
14121000
15093400
14632300
13468600
15350800
16122600
14812400
15827500
17245300
13030600
12228800
12361800
13759800
15973900
13214200
13619500
13410700
13053100
13321600
13259300
14731100
15895600
15417800
14073800
14037000
12692700
13273800
13502700
13973600
19988100
17686500
14013900
13962300
14652800
13597100
16205300
16135200
14156800
13796400
17005500
15509000
17168800
13116200
12898300
12712200
12586600
12764200
13044700
13218000
12306900
12883900
13285700
12700500
12641000
12376200
12239200
12403200
12121000
12632900
12687200
12659600
12507700
12634200
12534300
13469200
12749800
12883000
12622100
12625500
12736300
13120300
14286500
12815100
13238600
13969800
14422100
14608800
18265000
16125500
16276100
13393100
13235700
13097100
13020800
12859500
13697900
13611400
13539400
12871200
12619200
13036900
13430300
18176000
17730400
13627900
13849100
13067900
13214600
13043200
12718000
12958300
12465900
12733900
13116100
12914000
13269100
13934300
13047100
13341000
12819100
12490300
14117900
12826500
14407700
15172500
15072000
16102300
17917700
14685800
12939200
12907800
12827700
13159600
12542400
12744900
12670400
12301000
12366300
12206200
15918400
14170200
13076700
13197100
12470600
13180300
13459100
13473600
13192000
12961000
13509300
13590900
14699500
13395100
12533800
13570800
14029100
13264100
13293000
12534600
13334900
15865500
16317100
18918800
14286200
13412800
13167200
12672900
12399000
13691800
13681400
14746000
13206200
13404500
13413200
12809300
12799300
12616600
13123300
12948400
12898200
12739700
12537300
12794300
12248500
12175200
12521300
13762500
15221700
14470100
13511500
13921300
12995400
12724700
12705200
12962700
13714700
12707600
14884300
18263600
16708100
14659800
13525600
13315100
16204000
14701100
13535900
14340200
14002800
13476100
13633900
15184600
12973800
15468300
14595600
13821200
13903700
13047900
12448900
13476100
13384000
14747100
13195600
12399000
12973600
13197800
12794200
13087600
12269200
12928900
12556300
12733300
12577800
12933700
14395200
16089700
16367000
14416100
12940500
12991100
12712500
12720400
12985600
12658700
13278900
12962700
12975100
12556600
12536000
13259600
12596500
12678000
17928600
20542500
16070800
13710000
13237900
15609100
12810600
13522200
13702100
13480000
12379400
13224800
13206900
13193700
13767500
12570700
15040100
13206400
14678600
17725400
18091000
16069100
13420300
13245600
12639300
13299800
13418000
14217300
13643500
12627600
12785400
12751300
12993100
13040200
12361900
13107500
12646200
13169400
13141900
13330200
13884000
12758700
12521400
12813600
12691500
12639900
12707300
12646400
12586600
12757900
12501700
13680600
12617900
13379900
12324200
12598800
15561400
16927400
16456700
13981800
12850800
12434500
13531500
13690500
15597300
15253100
14289300
14104400
13019200
13126300
14757400
15581800
15477800
15427500
14099800
14000600
13572900
13440200
13083100
13845700
13091900
13337300
13657000
12740500
13501400
13509200
13546800
13367500
13788500
12721100
12560000
12575100
15859600
16442600
16048100
17287700
15013800
13107500
13353400
13405000
12635200
13318500
12742200
12514900
12465400
12377800
12901800
16091100
14769500
15289900
13594100
13670100
13082200
12747000
12934200
12210400
12489000
12898000
15272900
15650800
13556100
13080300
17211100
14552500
15223800
13817400
14048900
15293400
17085800
16039100
17006800
13482400
13709600
13392200
12612500
13386900
13813500
13645300
13604100
13229300
13088200
13385500
13287200
15584400
15329000
14740000
13030400
13665900
13453000
12917100
13152800
13562700
14825100
14843800
13648400
13347500
14218900
12308400
12970500
12862300
14201100
12576600
12733000
12156000
15413500
16038200
16200700
13227800
12697400
12185900
12452600
12414600
15686000
12750800
14937100
13533100
13187400
12929100
12648200
12840100
14532100
12877400
13478000
12650900
15893600
16687300
19614700
17502000
15909300
17952500
19240300
17699900
14429700
17522300
15482000
14546700
13107400
13879100
18346900
17481700
17195800
14885200
14372400
15390400
13052300
13378100
12844400
13497000
12918500
14332800
14484600
15223100
13384800
12839900
13685200
13045700
13854800
14672000
13251200
14698900
13614100
14546300
13588600
13498200
12568200
12650800
12866300
12539100
12489000
12686600
13851300
12805100
12691100
12172900
15217200
18918700
15889300
14872100
15005300
14944300
15346200
15174100
15288400
14198400
13108300
13306200
14074100
13473300
13821800
12986700
14674300
13176700
13460100
13674000
13116400
13077000
14634500
15602200
13786400
13342200
12778500
12765800
12876400
12690800
12553300
12674500
12701400
13005000
12852900
12532100
15541500
16715100
16041600
13717900
12813700
12328000
12143200
12894900
12620200
12445300
12729200
13124100
14290000
14262100
14737100
13826100
12890600
13352200
12375400
12559000
12712600
12790000
12798600
13511900
15935900
14569400
13485800
15320100
14221300
14610100
13233100
13017600
12703000
14733200
13371800
13141200
14153200
17188200
20466600
16703300
13824600
14142200
12788800
13416100
13238900
14567000
13303900
12778900
12772600
12805600
12659800
12861600
12234200
12940000
12797500
12768100
12617700
12868300
12948200
12984900
12409000
14333800
15204300
15258600
13090800
13330100
12740400
12430500
13103900
12754200
12789800
12737400
12796100
13949100
16601700
15050100
14069500
12728800
12808900
12753400
14165900
14780700
16727700
14019000
13065700
14675200
13493100
13795400
13450000
15182500
13822800
15327500
14394300
14188900
15031800
14870500
15785400
14116300
13048500
14179500
13299100
13137700
13470000
12738300
14659000
14354800
13886700
12663900
12659800
14939800
16006400
17941400
12634800
12809600
12593900
12900300
12322600
12723400
12480900
13157800
12442000
12551000
12220800
12572100
12404900
12392400
12231700
15090500
15070100
12499900
12644200
12612700
12963200
12632500
12709500
15631200
14807200
13321900
13505100
13114400
15785600
12635700
16319600
14369000
14151100
14043900
16904000
20204800
16194500
15571500
14506900
12972400
14215200
13707400
13701300
13358300
13048300
12848600
13382900
14626900
15384600
16758600
14115700
13539800
13203000
14195700
14879400
14620500
12869300
13420500
13072300
12966300
12469400
12913300
13972400
14657700
15576900
16860200
15021900
14646700
12946800
16369400
16397800
16468100
13169100
13293500
12616000
12429300
12595400
12674200
12436800
12934900
13776600
14385700
13285200
14900000
14215500
17423100
14894900
15494000
13800500
13876100
13812400
12656500
13187400
13878900
13232500
13688600
16631500
13396500
15580500
14847500
14288700
13542000
13329400
13182200
13831100
16646400
21629600
17443800
16366300
13023000
14963700
13726200
13599300
13234400
13060800
12553500
12732900
12615800
13319500
12764100
12558000
12894600
13167000
18857000
17889700
16922900
15748000
15999000
16614000
15267300
19493600
14893500
13442000
12720400
15911700
13500100
12605400
12472200
13579900
16939100
25566600
17466600
15720200
13563500
14405400
14117700
12337000
15787500
14735600
15291200
13605300
14106500
13902600
12820600
13334900
13468500
13458200
13344800
12595700
13281900
13146000
15058300
13369600
12679500
12872600
12876200
12993900
12397300
12480100
12769300
12997100
13099400
12488600
12864100
16026300
16326400
15631400
13955400
12833900
14045400
14533100
14826600
13409300
13369000
13200800
13075900
12963300
13020100
12921400
12410000
12533400
12614800
12346400
12299400
12899700
12602900
12528400
13355400
14767100
13040600
13327600
13415400
12951300
12862000
13263100
13076200
13465800
14144800
12767400
13454500
13264100
14549600
19977500
18915500
19437800
46930500
23359700
22747000
15332600
16874100
18821400
17167100
16906400
17129200
14912000
14754800
13902700
13238400
13524200
13348100
12940100
12406900
13309700
12983000
14115900
13032200
13079800
12951200
14506400
13767400
13083100
13375500
15628500
15321200
16023000
15606600
12655800
13264400
12711600
12685200
14453200
13321700
13476400
13526400
13229800
15413100
21506500
15538900
14862100
17532000
16624100
13727200
13975300
14147000
14792800
13218400
13046600
12294300
13529000
13648400
13378600
13430300
13980600
12992400
12976700
12828200
12672000
15814200
16757300
18941000
16034000
15517900
12794900
13126000
13050100
13186000
13133800
12757700
12976800
13032800
14278100
12627900
12826700
12334300
13193900
13243700
13179000
15859200
14821700
13671800
13371900
13761700
13108400
13516700
12677100
13548100
13128000
16329900
12949200
13972900
13561000
13448800
13489200
21319500
17221100
16493300
14045000
13957900
12393400
13976900
13688700
13764000
13629200
12423300
13268900
14450800
14486800
15376200
14693800
14548800
12845200
12905200
12802200
13225000
13119200
12777600
12491700
12976600
12911500
12748600
12991900
12762400
12772900
12745900
13345500
13276400
17388000
13718900
12568200
15130100
16853900
17762200
12655200
12687400
12875100
12927700
13775400
13072700
13023600
12943100
15242600
15891300
14307400
12474900
15131100
13832000
15625400
14100900
14557900
14133000
13136500
13511500
13330000
14191900
13886600
12728000
13541900
13901000
13873900
14062100
13335600
12552300
13602200
13295100
13460200
15552600
17503800
16956800
13730900
12726400
12907800
12936200
13271000
13103600
12848800
13096200
13208800
13022600
12627700
13119800
13109000
12948800
14421300
13423300
14728000
14767400
13222700
13455900
13008900
12497100
13167400
12957900
12928200
12708900
12390200
12307100
12508600
13926600
13360900
13387900
14204900
14655300
16414600
21547500
15420500
13827000
13687200
12351500
13626100
13619700
13446800
13674900
13122900
14945300
14421200
15011500
14687600
13831200
14809500
13906900
12822700
13528100
13252100
13858900
14362000
18741700
21110400
15569000
13693500
13798600
13875600
12526400
13041700
13031600
13410100
12712300
13658700
15893600
15054000
18847400
18989200
18269500
14520200
12818900
13123800
12542800
12425400
12934600
12800600
13318800
13012000
12641600
12787300
12836400
13052300
13057600
12536000
12641900
12812700
13476300
16361800
13454800
13513000
13816400
15615000
14392000
14981000
15925200
12809200
13662800
13579300
13500400
14744000
17426100
18281200
15248900
13371500
13250600
13336300
13813800
14017900
14429900
13547800
13291300
13499200
12829700
13131700
13265300
13060000
13442400
13208200
13634700
17774500
14187900
13209900
14017000
13672300
13405700
13945000
12334300
13385900
13042200
13391800
13428900
13318100
13889900
12741300
12433100
13196900
15534600
16724000
15816500
13503900
14300700
15398100
16345500
15837300
13887400
15012900
13006900
13653800
13867900
13725800
13421200
12818100
12707800
13399600
18346400
16124000
17764200
16798700
16177600
14115700
13591900
14805500
14570200
12641400
16720200
14821400
14619000
13634000
13130500
15657900
15821000
14468700
15147500
15730000
15994100
15063900
12685100
12629200
12856900
13450000
12919700
12955900
12674900
12538600
12948600
12815900
12583800
12794400
13288200
12968800
12805300
12617600
12498100
12698400
12900000
12639500
12424400
14219400
13927600
14749500
13728100
16232600
14181600
13034100
13491400
13383900
14633400
17572600
16543100
15168700
13228600
12534300
13409400
13412200
13558800
13590100
13215900
16466800
19962800
18494700
17207000
19673300
20965900
18240600
15702400
13704500
15039600
14432000
14929700
13638200
13437600
13179800
13233700
12956000
12742800
13669600
12973800
12502700
12229300
12548400
15024800
16084400
15507700
14380300
12645700
12892800
12754400
12741500
12663900
12310100
12986400
12745200
12828800
12274000
12435500
12632400
13211300
16017200
13446800
12361400
13486200
13368000
13383600
13336100
12707300
14294900
13313600
14830300
13972900
14061500
13400800
13884700
14088900
13563900
13484100
13607900
12849300
15211400
16888800
18750000
13949000
12951800
12664700
12649400
12883000
12813100
12595600
13437000
12620600
12996400
