64179100
58276900
60444400
54214900
48798200
46306300
45003700
49033100
57118700
62612900
45307500
44895900
45673600
44701700
44145300
44691600
44488900
44679800
50786700
48623400
50165300
46270500
46377600
77479200
80804100
252074100
173973800
145647200
110470300
70757700
94078100
90954400
74510400
67186600
80728200
94072000
78920400
59476900
62502800
61173600
51679400
47968500
59751500
54704400
55001300
60820800
54956500
55236900
62359200
50730500
55484600
60574000
48205700
46685100
46616100
49367300
46878400
49539500
45207300
44254600
44623200
43778300
63060800
54958800
45501300
45174100
46263000
49258100
60218500
53925500
61002000
67869100
53379400
52741300
50004000
50660700
45032000
44338000
46256100
46187700
43708600
48884800
52219900
49548300
46932400
46983500
46824900
45106900
45680600
46751200
49006400
47609700
49704500
53343400
54344400
65725300
53238200
49074800
47881300
51534600
49304000
52314200
57929800
50490500
49149100
49150200
44490500
44606100
44628000
46877700
51722900
52941700
56460000
55883600
57768000
61754700
59949400
56483400
48167300
47878500
47639500
54864300
44701600
44230700
45358500
46560600
43934100
43433500
44816000
46725700
47396200
54001800
52925300
50904700
54857400
56056400
60369500
52996700
59402200
58276000
52478500
67503200
52926100
48662900
51144000
58682800
59874100
56950600
55419900
59827400
53101100
49967100
45152800
49060200
45650800
43869400
44844700
46034800
44643000
43832900
51580500
45508100
53668400
65993500
67464400
90873400
77460900
64421000
69345900
56180100
57725100
47482300
45810400
48935200
46433000
48223100
47727900
50306400
56066000
49139400
48230800
48540100
45551300
46010900
45871900
45197700
45277300
50628900
54391500
46644800
46427000
51958000
49173100
47413500
48493600
49278900
49322800
45070100
54399300
44359000
44324000
52891600
61498800
70019700
58625200
47656100
47713400
55565800
63083000
54102600
54425100
54515800
51252600
55111700
53515100
45061600
44817300
50920900
43767200
45526500
44422000
43833600
43954700
48443500
46159300
46090200
47034600
48530700
52191800
46520900
45999700
50297900
45084700
47108700
44435900
43589600
43567700
44852000
49774700
48413400
49003800
48235100
47206200
47628400
47581600
48707200
48539200
48662700
46447700
55185200
46622900
46172200
48970000
47619100
46246600
47418600
45881300
49303700
52106600
56867000
48238900
47620700
47744700
49605700
46196100
46012700
46064500
46778500
44243000
45742500
50656300
43691600
44669400
46450200
45812700
46595700
46238600
44736900
46548300
45464000
50650900
47496700
43991200
44747200
44420400
44012900
43878000
44238000
43969600
44156500
43754500
48331800
52617300
45114400
45862300
47150500
45738700
45976300
48837400
48362800
47716700
47593600
55706000
47763800
48270900
46593300
47807200
47087600
49802500
47858300
48710300
49230400
54853700
51924700
48932100
46945200
47207300
46582000
45805400
45764200
46102900
45833300
45117800
53592500
48496600
47264000
48275200
47982900
46209900
47701000
47438200
48394200
45503500
51645300
49872600
45912900
43576900
45534600
45857700
43923100
44444800
45482300
48779100
47783400
56176200
47863200
48953500
47441900
46837400
44346600
44295900
44553100
45630200
45116000
46740300
55103100
47134400
46715800
50933800
49306900
50340500
49601100
49879200
48031400
47544600
57058500
48343800
45081300
64819100
82634900
68914700
56935700
46663900
53318700
50527200
47462900
46534400
48828300
46530900
51192400
51628900
46898000
48000000
47689700
52568800
46551300
48470900
47680700
47211000
57861300
53311000
56934700
54226400
57291800
50362900
72065500
95044900
63041200
53449500
56022200
54175100
48866200
52744700
48957000
48968100
47677800
46151200
48456500
46784200
47440200
48790500
46404400
49796100
62087600
62334400
50080000
45342600
45292600
43765800
47053400
46588900
46781600
52333700
49433700
46839400
45810600
47825600
57246500
70608300
68389200
65722800
71138600
66336000
53470900
133009500
155911700
62753900
67930500
47915900
49359400
53335500
46307900
46463300
45312200
45754000
46400500
48243900
55673000
49290700
49488600
46846300
53686100
55342700
78663700
57938700
49145300
52372600
44285000
44778500
44441100
45654600
50073600
63825600
85211000
68245900
71222000
52753900
47672100
45396800
49237900
45274500
44458400
44579900
44786000
44074000
47918500
53777200
62206300
62070700
60124800
52486200
59977600
60684200
57750300
61812500
57261700
49512500
48653900
51678500
47734600
46235100
49607600
48635400
48133800
55931700
48139900
45747400
48730400
48611000
68043900
61621100
65451700
90943000
141201400
82810000
59971600
72276500
56050200
68023200
65927900
48931300
48399000
47084400
47948700
47931500
47085100
46520600
48554500
54264900
56064200
48752200
53235400
52926700
49414500
48615400
44585800
48246700
44462400
46613500
51070000
47615100
45000600
43615300
43474200
44375100
47519000
55008400
59228400
56006000
77156600
195899100
99469500
69008800
65717900
59935100
69098900
66506500
85656300
65094000
57314800
52246700
47245900
53278800
51183800
52875100
45480900
47068700
46341200
44704900
45099200
47107200
47150500
50799400
51200700
48630000
48740700
47740700
47460900
47503600
45990100
44303300
49187200
49996300
52937600
52447900
56701900
57026500
48211000
46758500
45674700
45902300
46075100
59041700
66701400
48907700
44070700
45143400
46828100
46496600
45221000
44552300
44435800
43423400
55339000
54019100
50916200
64750400
51139400
54432900
50375600
48445800
44973400
44112300
51673400
46723500
46063000
64075900
52122200
49874900
50034800
49850400
48800000
50066100
53848000
49129900
47674700
47956000
54942800
59763800
55661100
48734000
45341000
53997200
50540600
50942800
48062800
48772000
47950500
46527400
45928300
48465900
48125800
46413700
51347700
45200000
46482300
44492200
64256400
66022800
97269300
83588900
73184100
73097600
55457600
49711400
48206300
48603100
47274800
47379900
45130900
55869100
45428500
45760500
44842700
48248200
46810300
45902600
46775200
47826300
46107100
50267300
52848800
47785500
46378100
44986100
44509600
44535300
47883300
45581000
43919000
44469500
56653500
51011700
51850300
47754600
51737100
48396500
48674200
45570800
45342800
45078300
47385600
50384300
43384900
43303200
44496500
46292300
45947700
51342200
47443700
48145500
46463300
52473000
48147800
54029800
47423300
46539800
45249800
44795000
44196800
44258200
44372000
44658300
56916100
48492500
47871400
45865000
46953900
47398600
47452800
46204000
49291200
45306600
51318600
48966500
45755100
44642200
45411800
46732800
46067700
47349900
54632200
61293200
50843000
52726300
48243500
45648900
47246100
45493900
44703600
45117900
46464400
47002400
46140900
53203900
46138900
50340700
45636500
62692300
65713400
63321300
65024200
58675800
67907200
49412100
47700300
46631300
45612700
47206400
48244800
46202200
46734700
45988500
58408900
48750900
53071000
46273000
48074600
46442200
47961900
45233100
44089200
45032800
47770400
54395000
46327300
44253900
44310100
43427000
45321200
62159500
62722300
54525100
51961000
51920500
50028700
48716900
51910100
54417000
48276300
47094200
47258200
48160400
49736200
55059400
51998500
51337700
50162500
49730200
51845000
67975000
62363100
60539400
69790600
54257300
49083000
48700700
46578000
46527900
48348100
54853100
55907700
90612300
49078900
48686400
50633400
45660300
46339900
46326000
44205600
43886600
45609700
52683400
47056600
49526300
50252300
50001900
48152100
48365700
47988900
49074900
48910300
52130800
50081900
46033600
46989600
50139100
46826900
46951600
46648500
48055500
47223900
51145500
56072700
49822400
47064500
49939600
49171500
53037700
50266600
47233100
47502300
50037500
53546800
46633400
49529800
70823900
66445700
65666200
63105500
64245700
62712300
53974300
50019500
47813700
46237200
46135000
46102500
45451300
45662600
45276200
50633700
46620600
47324400
47253900
47152300
46982100
46180700
45735700
47362800
44988100
45399000
54365200
45888700
44481400
44513600
44096100
43495300
44671800
43275100
46806500
45995900
46695200
56484000
47036300
46251100
44348500
46794700
44686700
45215100
45940400
45407600
47535600
47876400
55135800
48283600
46761300
49325800
48564300
47428800
49039300
50781300
48650700
73886200
69488000
58928200
59715600
49245300
47215400
47337100
48146400
46898900
49128500
56281400
55647000
51504000
53629400
106665200
72436300
64055900
64962200
55417400
53160500
50921400
53296200
58632300
47798100
49330300
47322400
48331100
55463300
50387700
47170800
46025700
45728900
44281200
44749300
53286800
55047800
49055600
56517500
58243600
47249900
64948800
87861500
69926900
67278400
63405600
69016800
60180800
59171000
51550200
46419600
46139200
49391700
48746100
46822800
48414200
52833500
53149800
76212600
56072900
47353600
44484600
45238900
45242500
43881000
48291000
54993700
45001000
44237000
48167400
50896300
66566500
67588600
60614000
64778000
64519200
53894400
47983400
82599400
78177600
60332800
64481500
73907100
53701600
47876800
50832800
50178200
55416300
83901900
58531900
54508400
73338200
50833000
56230400
76218500
80073700
68697500
54548700
54463500
55581200
55163000
54471000
47401900
47546000
48781000
44472400
44550900
46912000
65437600
70109200
62481000
53473600
53230800
60630900
60259400
59965700
48154200
50258500
56979000
49368800
45870500
45412100
46394600
45091100
43788700
48305200
46776100
49259300
51745300
59804000
70759900
65422800
71652600
64939800
62002800
62068300
61221100
46189800
50561900
51973300
49203000
49062400
49884400
48838300
47319300
52500800
53996400
45712300
44921200
44866200
45097000
44026700
43634200
44337200
43840800
53134100
53295400
56792800
79011000
102240800
132879800
125405900
115453900
68602800
60675500
57137300
61992600
56650600
58327800
66842200
57546800
52190300
47928400
46595500
47083900
43648300
48178100
46902500
50503900
53204800
48780900
49187700
46594000
46610400
46661800
47151900
48748100
47583400
45140700
53831800
46388600
45810900
47815000
47153900
47138200
46574300
47908900
50514400
49132100
53672900
66926400
52230700
50602700
49559000
50924000
46455400
59569000
55188800
58270100
57482000
44947000
43029500
48681600
50209000
66816700
75072900
54568500
51060600
53331500
46835700
46724900
46526700
46467800
45180300
46435900
46142300
46439500
69503100
61470200
55531000
50355000
49241800
47231100
47053600
44403400
45731900
45874800
45127100
52577700
48833100
47150500
51213600
75805000
53668100
47403800
47356900
47155500
47216000
55829800
47854700
44464900
44561300
45898500
44249200
44314900
44948900
45947100
44081400
95911500
72699900
62623100
62764300
57543300
61381800
52835600
79335800
99407100
58282500
63049400
53896000
50646100
50642100
45325200
46752300
51815300
50898800
52587300
50735900
53598100
48832300
45656300
51565300
55826100
65546100
72435500
59982800
58952300
51294900
47854500
48068500
51141900
56431200
63198900
64842900
48059200
46748600
47224400
47038600
45022000
47897200
45510800
45393800
48062800
55250100
45455300
45543100
46346500
46102300
46585100
47148600
46268100
44130200
44379300
57451000
70372500
68768600
76530900
79979600
85565400
82594700
77176400
69460900
63292300
56822300
46673300
50669400
51928400
51282200
54113500
55945100
56431600
59419800
56038100
50664400
50419600
51493800
49776700
47727700
50160800
52258600
47288000
44587000
45278000
44486300
45566400
44709100
47642500
48804800
47602600
54349000
46324100
46136200
52076700
47484300
44443500
45729200
45222500
44398300
44006200
43384400
55207900
47358300
44334100
46802600
47760900
47464900
47012900
49043600
49268000
48454300
52872000
47844600
46748100
46278700
46227900
48204800
48967300
46501200
46256000
46251100
53684700
57495100
48324500
49642700
49161800
48687300
51167100
47080100
47848600
50412400
47969300
74676400
80362900
67603800
75119300
73810400
63246600
64554100
68258600
52873400
48818100
48810600
49346200
60907600
60006700
58503000
49315200
57550600
52603100
50579000
50848300
48139300
49508900
47931800
52014700
46129000
47602600
55066100
49355500
48094000
60664500
60796300
58251100
63056300
55536900
50584800
56143500
55034000
48165800
60775200
59911400
60012900
59844200
52374600
50209000
62256900
53441700
55215900
51894900
48973200
49623800
48731400
49526600
51288200
51434200
94928200
63811100
59223300
57068500
46677900
44707700
46551000
49542200
63606300
67873300
52580500
50785900
52516300
59386900
49616500
45614000
44361700
46920000
48552500
45981000
43506300
46037400
46342500
47689200
45431900
46765300
50730900
48373100
68866000
77866900
78764500
89143800
63333600
48068300
46858300
45931500
51515400
47542500
48756600
50351900
47813700
47424600
46016700
44741900
50956900
61159000
70255700
63033100
46786600
49944500
44695700
46734500
44946200
50274900
54098900
55624500
50377900
49184600
48650400
53939900
47379600
45750600
49541600
46042300
44345800
45304100
53790100
66400100
65162900
71131300
83820300
78485900
75009400
72736600
52412500
60921000
60462200
58144600
56291800
49625600
46456100
48389000
59005600
48884500
49553800
47678200
46028400
46684500
44200400
44442900
44639500
44139900
43972200
52059100
45722100
72203200
137467400
118292300
208581300
101308100
75934800
63704400
65339500
86763300
60976900
57877900
55589300
55675900
51720500
54114300
55310000
55174400
56457100
59565200
55289600
54736900
55732100
81808900
91929900
52778600
49234900
53672800
67135200
82450800
69406900
55032300
53783800
53342400
50321000
50703400
51683100
44874800
52156200
47421600
46326800
44984400
46122000
46558900
46402300
50106600
48370200
57763700
60372200
59462300
57636900
46037800
44524900
44718300
47117700
54224600
47873900
46402400
46571100
48049500
53029700
71185600
46974800
44790500
45834500
52216700
44468700
45387000
45631600
49410400
46510400
48025700
46343400
45570000
46724600
49569000
53305700
47596700
44200300
44544600
47734400
53277300
44138900
43733200
50402600
53352800
49170700
56661000
46384200
45178200
46360100
47894300
45709700
46001600
46985500
44089200
46733800
53916000
44643900
44407300
44677800
43764500
46168000
45678100
46425200
62219200
76926900
67831800
48576000
47742100
46162800
44204900
44362500
44891400
44723700
43461200
48004400
58021400
44466400
43725900
45751300
46329800
47458000
53203100
50797800
52978200
51316500
53805500
46953700
45954800
45611900
45375600
47090700
48424500
45129800
45691800
45349500
48285800
57989000
73115100
60085600
48498400
52045500
46510300
44301000
43652700
44778200
49901700
48402700
43908400
45038000
44777900
50624000
72429500
64015900
60717200
61474100
68745300
103695300
77225300
62850600
61287000
56346600
51324500
58509200
55758700
58476300
58238200
57866300
48907300
52622500
48585200
44502900
60735600
61447700
54780900
62427100
60061600
53391800
47817700
45931700
45802300
48480200
52132700
49678000
48325400
46808100
44052300
44705600
61743700
46637100
46537300
45697800
53068700
47496800
43132800
47264600
47237700
50505300
50507300
48341300
49305200
46388900
52182300
46131000
44610600
44452600
45060400
44962200
47350700
47132900
45915800
45080500
47539400
54603900
47552500
48027000
48089600
46966500
48754500
44947100
44645900
45971300
46035600
54080000
51782000
45181000
45194100
44181100
44070200
47424100
48898300
46652400
45863600
45855500
57947400
50077400
47410300
48160800
45686000
44748700
46425400
44926600
43749600
43383000
44795400
51012600
47290000
48041800
47160600
46759500
46369000
45221700
45674200
46513600
44223100
46948900
49175700
45052100
43856800
44723300
45554500
44290800
45272700
46630300
45516700
45805200
48373900
51027900
46609600
45644800
46972300
44260600
44372300
44962200
44289800
44271400
43818800
49046700
47363900
43574500
44003400
46535000
45907400
46142200
45308400
49078700
45923900
46810500
50436100
46141500
44522000
44291200
44759700
43544100
45837000
45533000
44536200
43398600
46637300
52937700
48351400
45639400
45414100
45896500
45729000
46720100
44490800
44447300
44533900
44181000
48929800
48452600
43760800
43571000
43961500
43961100
49001800
45216600
45342400
46230700
46356400
54993800
48003600
46512600
44931500
45123000
45506700
45376500
43439300
45499400
43896300
45710900
51519300
47647200
47213400
46345100
45566700
45744200
45857900
46055100
47070900
43627600
47088700
50719600
44562000
43793300
43813900
43756400
43489000
44547800
44040700
47020100
45278500
46788200
52496500
46797100
45954300
46764900
45501300
44286900
44420300
43805400
44231200
43183300
45845000
50298400
43298200
44399900
46168200
45934700
45500100
44930800
46021800
48444100
50172700
51572200
48016400
45505600
44317900
45066800
43783000
43510000
44540400
43834500
43377400
45452700
50088900
50073300
45847500
46713400
46146100
45571700
46681800
44386100
44267700
44407200
44523300
48894800
47651700
44555100
43875200
44302800
45235200
46865200
46722300
45531200
46518100
46495100
55107400
48797000
45200100
45497000
44796100
45750200
45398400
44101500
44290900
43740600
43503000
51862000
47214500
45894800
45681400
46233100
46361300
45887200
45403800
46681800
44598300
43929900
53965800
44885100
44037700
44310500
43973600
44454300
44685400
44200600
47321400
45077600
45335000
53597600
46804500
45513200
47270700
46936400
47132600
47190800
45515600
44909000
43648600
47576800
49457700
44418200
44018000
47062400
52559500
55696800
53556100
50902100
52404300
50062400
51333200
44881900
44358100
44034600
45141800
44931800
43234700
43666000
44401800
43401000
49170000
54466900
46643500
45664900
46442700
45635700
45823700
45246700
44304500
44223400
43941600
46766500
51158000
46996700
44493700
48230500
43470800
47809500
45390700
45629000
45660200
46194900
52933200
50088600
45569600
44411300
44086100
44685400
44254800
43712800
44781700
43970300
43324600
49768700
47638500
47229800
46523300
46503300
45743000
46424400
45089100
46756300
45483800
44648200
49958500
51713700
44431800
43179100
44035400
43708100
44690900
45066800
47546700
45312000
51348200
55091100
53374500
45454500
46406100
46937800
44500400
46782100
46679100
44282600
43709300
48482100
47005800
44272200
43722500
47070600
45128900
55250800
52793900
54746200
46530600
56490200
50743000
56320100
52762900
54348700
56687500
53989700
45927900
46775100
45868300
51157300
