22432000
13198500
12301300
12497300
12104400
12064500
11759700
12129200
13424500
19559800
16165400
13977600
11847700
13306400
11871400
12616000
11316300
11785900
12064900
12021200
11280600
11725100
11824700
11460700
12119800
11755700
11213200
11318600
11930700
14076800
16825100
12374700
12257200
13068900
12308400
11372100
12555000
12885500
11944900
23374500
14312600
12313500
11724800
12893600
12126700
12478700
12154500
13945200
15380800
15325700
12859400
12442900
11905700
13430700
12156900
11699100
11568400
12012300
11830400
11666300
11721500
11438500
11654300
12019300
11795400
11631200
11339000
12428400
11650000
11934100
11660700
11902500
11377900
11470100
11628700
11347100
12171900
13407500
12389500
12063900
11288100
11842900
11592200
11457900
12906400
16677900
13582600
13308700
15025200
15187600
14559600
11617600
11399400
15714800
12112700
11954200
12336800
12429800
11547600
12339600
11994600
12438500
11693800
12523400
11997500
12125800
11901000
12087700
11973500
12317800
12902700
14220100
13260000
14117000
12366400
12683000
12680800
12333100
11435200
28174800
11352600
11724200
11573600
11557700
12032600
11457100
11604700
15097200
14147000
14355700
11435900
11542800
11741200
11446300
12133600
11567100
11625600
11559100
11838400
12798900
11334600
12977800
13154300
13307100
11992200
12165200
12124300
17407400
13840900
13523100
12404400
12271600
11677100
12223900
11371900
11274300
14097100
11362800
12125100
12081600
12138300
11453800
12209100
12082700
11595800
12028900
12406000
14413900
14591300
14671400
12730100
12054600
13992100
12320800
11780200
11991400
12182100
11366900
12193000
12053100
12092700
11499400
13179600
12465700
11800500
11471100
11537000
11560400
13297100
12943800
14021200
12110400
12150500
11972200
11642000
11695500
11134800
11709000
11574900
11615000
11591800
21141900
11293500
11254800
11497100
11290700
11332800
12531900
14531900
14232900
11832800
11508700
11132700
11543400
12014700
11485900
11296800
12798600
13417500
12340800
13232200
15531000
12637500
12748800
11360500
12135700
12443200
11778400
11424700
12790900
12414500
11624000
12185200
12282400
12324600
11502500
12038800
12028700
11556000
12435700
13668500
14202500
13821300
11855500
12494000
13196800
13854800
17368300
16883000
18369900
13093700
13159600
12365500
12723300
17183200
13540700
13424800
11713100
12161400
12507800
12011700
11333700
11917000
11748200
11626200
11280800
11812100
14341700
11609100
13393100
12317100
11760100
11647300
11518100
14502500
13701600
11572100
12511000
12312800
11777000
11136400
20787400
11227400
12607800
14673900
17129800
17565200
15503800
13708000
12202600
12078200
12353700
12692100
11153600
12874900
14948600
13650800
13984800
11685000
13245000
13163200
12668200
11610000
12567300
13447200
13414500
11747400
14840000
13081700
12030300
12058800
11293700
11909000
11853600
11143000
11831400
17229600
13451200
13302700
11919300
12051800
12221500
11763800
11675900
14017800
14880000
15949200
13431700
11814600
13020600
12169800
11421600
11128400
12190400
14872500
13694800
12946000
12080100
12191500
12153600
11674500
11408500
11926700
11595000
11292900
13038100
13101600
11886900
11847900
12252100
12072900
11349900
13456200
16427800
13660000
13242200
12721000
11608000
13168800
12333000
11636100
11982000
12998700
13106900
13816600
15060700
15692800
13492600
14102100
13252000
13006800
14855700
11810800
13899700
11869300
12490500
12313000
11753500
11800400
11343800
11603000
11794700
11689600
11313400
11938600
11407800
11436100
12020600
11609900
11132600
11464700
11355700
11239100
11597200
12180900
12154500
11498300
11634100
11771700
11288100
11437100
11255800
11439300
11501400
12014200
14473500
13501200
13520800
11470100
11182000
15574300
11883400
12449600
12133500
12134800
11767200
12187100
13009800
16242300
12140400
13745900
13232300
12430400
12801700
11823100
12408700
12447500
12305900
11303800
12662800
12373800
12040700
11889400
12280400
12870100
11441600
12156600
11636600
11459800
11729400
11595600
11526800
11518500
11678300
11497600
14019900
14070000
14640500
11913200
11593800
11835900
11613500
11492200
12028700
11656300
11691800
11855200
11957900
11332800
11919600
11909400
12609500
11985400
11688800
11383900
11372900
11358900
11995300
11356600
11281100
11490100
11634800
11490800
11488500
11282800
11137700
13858800
11664400
12163800
11965000
12109300
11511800
12513600
11942700
11541300
12017300
12009900
14388600
15022900
13663500
12526500
12309900
14442100
12671500
12000000
12561700
11900900
11961900
12163100
12274200
13474400
12334900
11965500
11923800
12161700
12035300
12367600
11514200
12105900
11346300
11535300
11740300
11441100
11818100
11432800
11278500
11403200
11717200
11802000
11593800
11364400
11605200
11402600
11473200
11333400
11463300
11272700
12100000
12995800
14232700
14122000
11559100
11274500
11686100
11209800
11298200
11351500
11149300
11461800
11522800
11640200
11362000
12159700
13046600
11732000
12879000
11395600
12415100
12650900
12509500
12456000
12853300
11982000
12328900
11501600
12546700
12290800
12042600
11297900
12730500
12192200
11564600
12260200
12146100
12244800
11393600
12021700
12298800
11331000
13582600
15382300
14801800
12539100
11626000
11258900
13810600
12142500
11351600
11545000
11544600
11737600
11626400
11528600
11838700
11453000
11577100
12368600
12333100
11303600
11508000
11860400
11133200
12957700
11704100
12109700
12163900
11237600
11801600
11506400
11325100
11534500
11656600
11671400
11680900
11301200
11382800
11343600
11604300
11143100
13948300
11753400
12662800
13590700
13189900
14025500
14544600
15323300
14166200
11245000
12413300
12195200
11491900
12522200
15026600
15490500
15326400
15146700
15061500
14994600
15368900
14494800
16104400
16374400
15776500
15691200
15699400
13599700
11979900
11974500
11712000
12715600
12062900
11695200
12029000
11830600
11512400
11209300
11596100
12760900
14825400
14300400
12497700
11456900
11146300
12587200
11378400
11517200
11062800
11905600
11648600
11434700
11317200
11735500
11188500
11936800
11878400
11446100
11137700
11766900
11308500
11126700
14559900
12275800
12511900
11156300
12218700
12282400
13245700
11663000
12883800
12063500
11777900
11716200
12275800
12196300
11347800
12073800
12801900
12291200
11733000
14701800
15410800
15000500
12141300
11145800
12108000
13172000
12428700
11273100
11914800
11578100
12100300
11459500
11874400
11598300
11179000
11707300
11695800
11256200
11830900
11666100
11259200
12032800
11733500
11810800
11260200
11641500
11590200
11217300
12556400
12236900
12090300
11906200
11812400
11718800
11136900
11639900
12853400
11616800
11585300
12073600
11983200
13693000
12789700
14998200
13731200
12499200
13566200
13730400
12283500
12031600
11989700
11628100
12232700
12127000
12099800
12588800
12829600
12643100
11690200
12362100
12176700
11930200
11816100
12065700
12947800
11486500
11782200
12155500
11967300
11239500
12475300
12063900
11314200
13987500
13206200
12350200
12082600
11874000
11814400
11339300
11652800
13548200
14538400
14234800
12429000
11799600
11693600
11460400
11311800
11719000
13476800
12026000
11797100
11814300
11052800
11664700
11377400
11546400
11155900
11352200
11669000
11365200
11314300
11942100
11359600
11813600
11965200
11682200
11173700
11486200
11367800
11258900
13446700
12542800
12305000
11945400
11606800
12627900
12444400
11612000
13108000
12168700
12026700
14568900
14066900
15042600
12707200
12082100
13478100
11810800
12272700
12275100
11646000
11722900
12045100
11943200
11740200
13601900
12629800
11404600
11375300
11768700
11560500
11780400
11925300
11529000
11658000
11716500
11617400
11400100
11379700
11927700
11719200
11667900
11604600
11543200
11951300
11551100
11565500
11850800
11537600
11147400
11366500
11625000
12860200
14481400
13812500
12207500
11264900
11132600
11839200
11215900
11515900
11254600
11483100
11606800
11164900
11783200
11239700
14452200
12066000
11345000
12154000
11865300
12077900
12168600
12154600
12593300
11914200
12170000
13239200
12046500
11373600
12490600
12110300
13535600
11360800
12444500
12060400
12233500
11645500
12213400
12073000
11368500
12270200
13845700
15841100
14601000
13102600
11470000
11506100
12937700
11563000
12088400
11482400
11708000
11716800
11597200
11486200
11467600
11446200
12802100
11945800
11287800
11354500
11813600
11438200
11153300
11576500
11378600
11368700
11389400
11735300
11367000
11182500
11420300
11141400
11524600
12017300
11582500
11361100
11348800
11512100
11661700
11361800
11778800
13562200
11902700
13995200
14797500
13680800
13046900
11958600
12331100
11339000
12185500
12210000
12105400
12074600
12101200
11939200
11360900
12511200
12146500
12455300
11451400
12074000
12470100
11827900
11266500
12707900
13383000
11899100
12043500
11456900
12144300
11262300
11558100
11833800
11525500
11559500
11678600
11546600
11362100
11491800
12061500
11135900
11607800
11526200
11907100
14585800
13728100
13660000
11481400
11248500
12854800
11661900
11511500
11159300
11327900
11714700
11323600
11317200
11901200
11805300
11564800
12207300
11284500
11702000
11329700
11535800
11367300
11961200
12022000
12735500
12541300
12345900
11874300
11453800
12607800
12414900
11454100
12354200
12308800
12474500
11170300
12079600
12195600
11413400
12437400
12918600
14356400
14896500
14452500
12493000
12052300
12208800
12800500
11313600
13228200
12384700
11401300
11678600
12076300
11547900
11134000
11653400
11652800
11180500
12188000
11598700
11164000
11656100
11766400
11900500
11134800
11704900
11904000
13401500
11703200
11382800
11172200
11317900
11254000
11242800
11751700
11418300
11431000
11280100
11396800
11717300
11187300
11229200
13420700
15236400
13894300
11233000
11571400
12470800
11720500
13520500
11862500
12256100
11155700
12154400
12494900
12695200
11786400
12718800
12411400
11612000
11964300
12028800
12192200
11260400
12493000
12265300
12322100
11634700
12550000
12054800
11193200
12049400
12375000
12218200
11295200
12894300
12236800
11396300
11381600
11607400
11691500
11235700
11690900
13162300
14156600
14350100
13246800
11659400
11531200
11136800
11792200
11461500
11187600
12291800
11816500
11554400
11592000
11500600
11519000
11198100
11555800
11268600
11713200
11615100
11376200
11182700
11542900
11548700
11489600
11552000
11886400
11320200
11286900
11684700
11389400
11376700
13364200
11663200
12183000
12193600
12294600
12102600
11779800
11787700
12335500
12512800
14825600
14188300
14105300
12347600
12232300
12490500
12295600
13648500
12181400
11975200
11585900
12163600
11857700
11600000
12221900
13169300
12171800
12301700
11723000
11586600
11246200
11875800
11905000
11573100
11249300
11456000
11572600
11399600
11802600
11389500
11431400
11613100
11650500
11234600
11842400
11343000
11315100
11730500
11523800
11281700
11568000
12769300
14064800
14537000
12310000
11559100
11596100
11197100
11482700
12324800
11207200
12798700
14412700
13609700
13297000
11163100
16447800
13892300
15255300
15011600
15200200
15032700
13448600
11703500
12993900
16450300
15676700
16017900
14292200
11993500
11698000
12552900
12129300
12486400
11526300
12415500
12192600
12322500
11467900
14846300
13754200
12893000
13228600
14869200
14293300
12529600
11993400
11899500
11911200
11564300
11526100
11532800
11723200
11729800
12022500
11275400
11467200
11645000
11627600
11245300
11956100
12160900
11849000
11449700
12590000
11320900
11429300
11571000
11301600
11603200
11156700
11336200
11305000
11233300
11876700
11157300
11448300
11369200
11316600
11137800
14590600
15081100
14073100
14390500
12077000
12376100
11529300
11974400
12219200
11973700
12227000
15328200
15223800
12202800
12293100
13426200
15446400
15578300
15246400
15332700
15214000
15132500
14954100
15126800
13466400
11874000
12272400
12043500
12203500
12188100
11913500
12580400
12632600
13173800
12384000
12544500
11495600
12387400
12345800
15767400
14981600
14667300
12049700
11581100
13796300
13122200
11702600
11681400
13114800
12504200
11963400
12111900
11853300
12076900
12287200
13499700
12213200
11395500
11326600
12192000
11583900
12262200
13133700
12000000
12483600
11273600
12195100
12028100
11284700
12507600
12025700
12381200
11269900
12168600
12464800
11674000
11520000
12168500
12738200
12958500
14912200
15205700
12649600
12175200
11561500
11947500
13113300
12245100
11133500
12996000
11731200
11642100
11132700
11657100
12177600
11240000
11930000
12302800
12147100
11254000
12275100
11746200
12140500
11599500
11703800
11134400
11734000
11327900
11429900
11148300
12092500
11516400
11294200
11319900
11396900
11263800
11908500
11723500
11378700
11462700
11545500
12656000
12853000
12866600
14489200
13400600
12942900
13456700
13578800
12969200
12494300
11143900
13076100
12275600
12223500
11921500
12104700
12261400
11930700
11549300
12102900
12158100
11145100
12597800
12170500
12406900
11529400
12310600
11966800
11237600
12151500
12159000
12291700
11478100
13352700
12419100
11944200
11109600
12318800
11801700
11220100
11543200
13734000
15126000
13830400
11170100
11495400
12350800
11568300
11352600
11588300
11222200
14445300
14159700
13190900
12033200
11245500
11470200
11698500
11127500
11550200
11464000
11305700
11450500
11674900
11694900
11804400
16221300
14336400
15208900
13714600
12483400
11777600
14698900
12735000
12561600
11789800
12322800
12270700
12027900
11236100
12139800
13570700
13710500
12943000
14220000
15769000
14742200
13976900
12945400
12631700
12195200
12356400
12193500
11146000
12022800
12208200
12346500
12354600
12542300
11588800
11288500
11428800
11781900
11652700
11227500
11879700
11625000
11359800
11686400
11903300
12321200
11388300
11571300
11862100
11290800
11948900
11314400
11397500
11427300
11394300
11058200
11318900
12404100
14359200
13804600
12561600
11706300
11149800
11232100
11498400
12075100
11241400
12768400
11562700
11377000
12312500
11448900
11326400
14691400
11613700
12854500
12020700
11433800
12147500
12355500
11839500
11763700
12724800
12408800
11435800
12112200
12177200
12060800
11262900
12132000
12945400
12131600
11503200
12232700
12227400
11330200
12358200
12548700
13295200
15995300
13419800
14175200
15246400
13891500
11860700
11437800
11504900
11433800
11672000
11571300
11965200
11576500
11386800
11736500
11750500
11247800
12243500
11412100
11393100
11586500
11405100
11145900
11622600
11219300
11228800
11345200
11577100
12045400
11703100
11647600
11448500
11351500
11473800
11138600
11782000
11262100
11428700
11480900
11342400
12285000
15615000
14252400
15167600
13731900
11341900
12181600
11901500
11403900
12434000
12027100
12595500
11655600
12035500
11767900
12197100
15565900
13804000
13516400
12462500
12768800
11860400
12337900
11919800
11851000
13702600
12358900
11678000
11378400
12042700
12007700
12656700
12015900
13210000
13209900
12567100
11704600
12401700
11575100
11737600
11680500
12800500
14303700
14968500
15564800
13790400
12598500
11982300
11590700
12444900
11381200
11579200
11594100
12972700
15898000
13610300
12722100
12152800
11981700
11994700
11725500
11568300
11508500
11344900
14212100
11603500
12152400
13953400
15354400
15978500
13040400
12310700
12715700
11872600
12516400
11426400
12275000
12774300
11343400
12341300
12500900
15359600
15028100
13717800
11672600
11923800
12233800
11375600
13501600
12082300
12267700
11344500
11563700
11617800
11369300
11904600
11507000
11611700
11268200
11916500
11884300
11472800
11461200
11756600
11400400
12010600
11607500
11550500
11276700
11622800
11977800
11878700
13141800
11670900
12850100
11534500
11964000
11621900
13453900
12991600
13610000
11919100
14177800
15135900
13706600
11422900
12795500
14060700
18166700
12026400
13693200
12962200
12862300
12867900
11464200
12097600
16360100
13217300
13114900
11764600
13379000
13037800
14011600
12080600
14456100
12382600
15770400
12016000
11582100
11752500
12234300
12730800
11290800
11923500
11788100
11721100
15438200
13065700
13793800
12270800
13621200
14909200
13727700
13167800
16120700
13575300
13568800
11676600
12502700
12102200
11986200
11793600
11672200
11461400
11544200
11264900
11946700
11413700
11724100
11503400
11608700
11257100
11553300
11426200
12239400
13565600
12201400
12591900
11672300
12373500
11856600
12984900
12831300
13082000
15610900
13450400
12676600
11401600
12623400
12090000
13644300
18109400
17196500
14802800
14840200
11746700
13430600
13146900
12568300
12043700
12230700
11970400
11275100
12049600
12568700
12854100
11434400
12455700
11545700
12067200
11363100
11548800
13070600
11714400
13082900
13683800
12031300
12067300
12053800
11876000
11799200
11292800
12877500
16775400
13599000
13440600
12184500
12556900
13324200
15719600
15123400
14136200
15174400
15033400
12114000
11702200
11981800
14040700
15988300
15061100
16103600
16881500
16161500
15259600
14286800
15468800
15845500
15021900
12629100
12145900
17274900
14368700
14051400
12933400
13178000
12075300
12573700
15286000
15122600
14925100
13051700
12200100
14669900
13207700
16034900
16591300
16503400
16802600
16688000
14810100
12710100
12170500
12416400
12181600
12016900
11848700
12003900
12539300
13905000
16209300
12307300
14111600
13000000
12462400
12153600
11969900
11853500
11243400
12313700
11646100
14272900
12425000
11757100
14770600
12579400
13223200
12116800
11764500
12205400
11541000
11567300
17049000
17617500
16885000
14836000
12984100
12283300
12489500
11602200
12647500
11989800
12288600
11745600
12562600
11982500
11329700
12464500
12580200
12161800
11698400
12382500
12091000
11346100
12403600
12609600
13402100
11429600
12372900
11779500
11940300
11405400
11912000
11386600
11415500
11996100
11438800
11991800
14723600
13681900
14426100
21923300
27038100
20404900
15894900
16384400
20109400
16737500
36638600
14684000
13832800
12873300
12536600
12418000
12454400
11762000
11806800
11937300
11221300
11136500
15107500
11487500
11817800
12643700
12637900
11674000
13019600
12665800
13778800
11534600
12164000
12053900
12719000
11658300
13386200
13754200
13981600
16510800
16990000
16258900
12965900
12265100
14018800
14180400
12092500
11642100
11713400
11637700
12588500
11617100
12423300
14816800
13411200
11867700
14911600
15255600
12176100
12544200
