111600
4900
4300
4400
4200
10600
6000
3900
4100
4000
4000
20200
13600
11400
7600
7000
6500
14400
12800
6600
6500
6900
6500
11200
17300
7500
7700
8100
7700
8800
9300
7500
7500
7400
7800
7900
8600
6700
7500
7400
7500
8200
9900
8300
7800
7600
8300
7500
13600
8200
8100
6600
6400
7500
9100
7700
7700
7600
6900
6900
8900
6800
6500
5700
5500
6200
5500
8900
5700
5700
5800
5800
5800
7000
6000
12900
6000
5600
5900
6800
5600
5400
5800
5900
5800
6700
5800
5600
5800
5600
5800
7100
6100
6100
6000
5800
5900
9600
5700
5900
5700
5800
6300
7100
6100
6300
6100
6300
6200
7300
5700
5500
5700
5800
5900
8900
5700
5800
3800
3600
3500
4800
3800
3400
3500
3400
3500
5700
3800
3500
3500
3700
3700
3700
3700
3700
3800
3700
3700
3700
3500
3600
3600
3600
3900
3700
6400
3900
3600
3800
3800
3800
3700
3700
3500
3700
3700
3600
3600
3400
3500
3600
3500
3500
5200
3400
3700
3500
3700
3700
4500
3400
5800
2400
2000
2000
2000
2000
2000
2000
2000
2000
2000
2000
2000
2000
2000
2000
2000
2000
2000
2000
2000
2000
2000
8300
2100
2200
2200
2300
2200
2300
3200
7000
7100
2700
2200
2200
2200
2200
2200
2200
2200
4400
2200
2200
2200
2200
2300
2800
3000
2500
2300
2300
2300
2300
2300
2300
2300
2300
2300
2300
2400
2300
2300
2300
2400
2300
2300
2300
2300
2300
2300
2300
2300
2300
2300
2300
2300
2300
2300
2300
2300
2300
2300
3800
2300
2300
7700
7300
2800
2300
10700
2400
2300
6500
7700
2900
16900
4600
3800
3600
3900
3600
3600
3700
4600
4100
4100
4300
3700
3700
3600
3700
3900
3700
3900
3700
3700
3800
3900
3700
3600
3500
3300
3800
3700
3600
27000
1700
1300
1300
1200
1300
1800
1400
1300
1200
1300
1400
2000
1300
1300
1300
1300
1300
1800
1300
1300
1400
1400
1300
1300
1300
1500
1400
1500
1400
1400
1300
1400
1400
1400
1400
1500
1500
1300
1400
1300
1400
1500
1400
1300
1300
1400
1400
1500
1400
1300
1300
1200
1300
1400
1500
1300
1500
1500
1300
1200
2700
1300
1200
1300
1300
1500
1700
1200
1200
1100
1300
1400
1000
1200
1400
1200
1500
1500
1300
1200
1500
1500
1300
1700
1500
1200
1200
1200
1500
1500
1200
1400
1400
1400
1200
1300
1500
1500
1300
1300
1400
1300
1500
1500
1400
1200
1500
1500
1500
2100
1400
1500
1500
1500
1500
2000
1600
1400
1400
1500
1500
1400
1300
1400
1500
1400
1500
1400
1500
1200
1200
1300
1500
1300
1100
1100
1400
1300
1500
1400
1500
1500
1500
1300
1300
1300
1100
1000
1200
1100
1300
1300
1400
1400
1500
1300
1400
1300
1800
1300
1300
1200
1100
1200
1600
1400
1400
1300
1300
1400
1500
1300
1400
1400
1300
1400
1300
1200
1400
1400
1400
1400
1300
1400
1400
1500
1400
1200
1300
1400
1400
1400
1200
1300
1200
1200
1300
1200
1100
1300
1300
1300
1200
1400
1300
1200
1800
1500
1500
1500
2400
1400
1900
1400
1100
1400
1400
1600
1300
1300
1300
1200
1400
1100
1400
1400
1300
1400
1300
1200
1200
1200
1300
1100
1300
1300
1400
1300
1500
1500
1500
1400
1300
1300
1600
1500
1200
1400
1400
1500
1500
1500
1400
1200
1300
1900
1300
1600
1500
1400
1500
2000
1500
1500
1400
1400
1200
1300
1500
1300
1500
1500
1500
1500
1600
1300
1200
1200
1300
1200
1500
1200
1300
1600
1600
1500
1500
1500
1400
1500
1500
1500
1500
1500
1500
1600
1600
1500
1400
1400
1500
1400
1500
1500
2100
1400
1500
1400
1300
1500
3800
1500
1500
1500
1500
1500
1500
1500
1600
1500
1500
1500
1500
1500
1500
1500
1300
1200
1100
1200
1300
1300
1400
1500
1300
1200
1200
1600
2200
1400
1600
1600
1600
1500
1500
1500
1500
1400
1200
1300
7600
1200
1300
1700
1200
1400
1200
1000
1100
1300
1000
1100
1100
1200
1100
1200
1000
1300
1200
1200
1200
1300
1300
1100
1100
1100
1100
1300
1300
1400
1200
1300
1200
1200
1200
1300
1100
1000
1200
1200
1300
1200
1200
1200
1000
1200
1300
1300
1400
1400
1100
1700
1400
1200
1300
1100
1300
1300
1500
1000
1100
1200
1200
22200
1100
23200
600
400
400
400
500
400
400
500
400
400
400
400
400
400
400
500
400
400
400
400
500
400
400
500
400
400
400
400
500
400
400
500
400
400
500
400
400
400
400
400
400
400
500
400
400
500
400
400
400
400
400
400
400
500
400
400
500
400
400
400
400
400
400
400
500
400
400
500
400
400
400
400
400
400
400
500
400
400
500
400
400
400
400
400
400
400
500
400
400
500
400
400
500
400
400
500
400
400
400
400
400
400
400
400
400
400
400
400
400
400
400
400
400
400
400
400
400
400
400
400
400
400
400
400
400
400
500
400
500
400
400
400
400
500
400
400
500
400
400
500
400
400
400
400
500
400
400
500
400
400
400
400
400
400
400
500
400
400
500
400
400
400
400
400
400
400
400
400
400
400
400
400
500
400
400
500
400
400
500
400
500
400
400
500
400
400
500
400
400
400
400
400
400
300
400
400
400
400
400
300
400
400
400
400
400
300
400
400
400
400
300
300
400
400
400
400
300
400
400
400
400
400
300
400
400
400
400
400
300
400
400
400
400
400
300
400
400
400
400
400
300
300
400
400
400
400
300
300
400
400
400
400
300
300
400
400
400
400
400
300
400
400
400
400
300
300
400
400
400
400
400
300
400
400
400
400
400
300
400
400
400
400
400
300
12300
400
400
400
400
400
500
500
400
400
500
400
400
400
400
500
400
400
500
400
400
400
400
400
400
400
400
400
400
500
400
400
500
400
400
400
400
400
400
400
600
700
700
700
700
2600
700
800
2700
900
700
600
800
400
500
400
400
500
400
400
400
400
500
400
400
500
400
400
500
400
400
400
400
400
400
400
500
400
400
500
400
400
400
400
500
400
400
400
400
400
400
400
500
400
400
600
500
800
600
400
500
400
400
400
400
500
400
400
500
400
400
500
400
400
400
400
400
400
400
400
400
400
500
400
400
500
400
400
500
400
400
500
400
400
400
400
400
400
400
400
400
400
400
400
400
500
400
400
500
400
400
500
400
400
500
400
400
500
400
400
400
400
400
400
400
400
400
400
400
400
400
400
400
400
400
400
400
400
400
400
500
400
400
500
400
400
500
400
400
500
400
400
500
400
400
500
400
500
400
400
500
400
400
500
400
400
500
400
400
500
400
400
500
400
400
400
400
400
400
400
400
400
400
400
400
400
500
400
400
500
400
400
500
400
400
400
400
400
400
400
400
400
400
400
1400
500
400
500
400
400
400
400
500
400
400
500
400
400
400
400
400
400
400
500
500
400
400
400
400
400
400
400
400
400
400
400
400
400
500
400
400
500
400
400
400
400
400
400
400
500
400
400
500
400
400
500
400
400
400
400
400
400
400
500
400
400
500
400
400
500
400
400
400
400
500
400
400
500
400
400
500
400
400
400
400
400
400
400
400
400
400
400
500
400
400
500
400
400
400
400
400
400
400
500
400
400
500
500
400
400
400
400
400
400
500
400
400
400
400
500
400
400
500
400
400
500
400
400
500
400
400
500
400
400
500
400
400
400
400
500
400
400
500
400
400
500
400
400
500
400
1300
400
400
400
400
400
400
500
400
400
500
400
400
400
400
500
400
400
500
400
400
400
400
400
400
400
500
400
400
400
400
500
400
400
500
400
400
400
400
400
400
400
500
400
400
400
400
500
400
400
500
400
400
400
400
500
400
400
500
400
400
400
400
500
400
400
500
500
500
400
400
400
400
400
400
400
500
400
400
500
400
400
500
400
400
400
400
400
400
400
500
400
400
500
400
400
400
400
400
400
400
500
400
400
500
400
400
500
400
400
400
400
500
400
400
500
400
400
400
400
500
400
400
500
400
400
400
400
500
400
400
500
400
400
500
400
400
400
400
500
400
400
500
400
400
400
400
500
400
400
500
400
400
400
400
400
400
400
500
400
400
500
400
400
500
400
400
400
400
400
400
400
400
400
400
500
400
400
500
400
400
400
400
500
400
400
500
400
400
500
400
400
400
400
400
400
400
500
400
400
500
400
400
500
400
400
400
400
400
400
400
500
400
400
500
400
400
500
400
400
400
400
400
400
400
500
400
400
500
400
400
500
400
400
400
400
400
400
400
500
400
400
500
400
400
400
400
500
400
400
500
400
400
500
400
400
500
400
400
400
400
400
400
400
500
400
400
500
400
400
400
400
400
400
400
400
400
400
500
400
400
500
400
400
500
400
400
400
400
500
400
400
500
400
400
500
400
400
400
400
400
400
400
500
400
400
500
400
400
500
400
400
400
400
500
400
400
500
400
400
500
400
400
400
400
400
400
400
500
400
400
500
400
400
500
400
400
400
400
400
400
400
500
400
400
500
400
400
500
400
400
400
400
400
400
400
400
400
400
500
400
400
500
400
400
400
400
400
400
400
500
400
400
500
400
400
400
400
400
400
400
500
400
400
500
400
400
400
400
400
700
400
400
500
400
400
400
400
500
400
400
500
400
400
500
400
400
400
400
400
400
400
500
400
400
500
400
400
500
400
400
400
400
400
400
400
500
400
400
500
400
400
400
400
500
400
400
500
400
400
400
400
400
400
400
500
400
400
500
400
400
500
400
400
400
400
500
400
400
500
400
400
400
400
500
400
400
400
400
400
400
400
500
400
400
400
400
400
400
400
500
400
400
500
400
400
400
400
500
400
400
500
400
400
400
400
500
400
400
400
400
500
400
400
500
400
400
400
400
400
400
400
500
400
400
400
400
500
400
400
500
400
400
400
400
500
400
400
500
400
500
400
400
400
400
500
400
400
500
400
400
500
400
400
500
400
400
400
400
400
500
400
400
400
400
400
400
400
400
400
400
500
400
400
500
400
400
500
400
400
500
400
400
400
400
400
400
400
400
400
400
500
400
400
500
400
400
500
400
400
500
400
400
500
400
400
500
400
400
500
400
400
500
400
400
500
400
400
400
400
400
