26526700
27053300
25475600
25301000
25285300
27531300
33952400
28233000
25954300
25188900
24890200
25287500
25204200
27910100
26678200
25368300
26528900
26279100
28874800
29069000
27643800
27372800
26445800
26583400
34784800
26223700
25605100
25436000
27818600
32066300
28068500
27151000
25784400
25208900
25647900
25216400
25318400
25195700
28196400
29620800
26101300
27501200
38135900
31435800
26520600
25883200
26524600
26247700
28588300
29390500
27476800
26103800
26878700
26565000
26286200
25842500
25242200
26568000
25441300
25269800
28033400
28740000
30999900
24968400
24972900
26421400
25398000
26396000
25204900
30312700
27997000
27285400
27936800
26708400
25841400
26965200
26629000
26448200
26902800
31356500
30024000
26414400
25573000
27574700
25743300
25404900
25431500
25428800
27195500
26469900
25696300
25595800
25183300
25230300
25224100
26944900
25167800
27544200
30328600
27091000
25802300
26061400
27489900
26342300
25754700
26665700
25721100
26976400
27501900
27212000
26251900
25912700
26558900
28206900
25061800
25655200
25128700
31673900
26719000
25150100
25490500
26294800
26056600
25259400
25249100
25258400
25646200
25264800
25703300
26675200
26378900
25616800
28293600
27578400
27230900
26600600
31206000
33865000
26717200
26920500
27943800
26396900
25897000
27733700
26283700
25599600
25993900
25679900
26290300
27013200
26599400
25680800
26071000
26101600
29926400
29494500
26110900
25763700
26696100
30494900
25499100
25860000
29689700
27764200
27226000
26360900
26171700
26730900
25838400
27003000
25620500
27660100
27839800
36827900
25932800
26329500
26338500
26896700
25685000
25402900
26478500
32163100
28616700
26156200
25552000
25670200
26102300
25077900
24799500
25159600
25189700
31622400
31644700
26374900
27194000
26291000
26485700
26236200
26093900
34134500
59620000
35534800
31843800
29907700
29547200
31107600
30058600
31728400
36879000
34949400
31494600
32209800
32439800
32264100
31291800
35119500
30506400
28032500
27077400
27314300
26400100
29873400
30372900
38010100
32402800
27128500
25786000
28566400
32149600
27324400
26615800
25899400
26351300
26030100
25794700
25468500
25751900
26478000
26486500
26534200
25320100
27204600
30534400
25540500
25282400
27309800
26745300
26113100
27538200
27855300
25898400
26793600
30329300
27455000
27547100
27168700
26957100
26172900
25863300
25590000
31178600
27588600
25840300
26299700
25607400
25977400
25774500
25744800
25024000
25739800
25651700
25400500
29628400
26164100
26232000
27428800
27649400
28836700
27897500
32751100
27284300
26140200
26150400
26458900
25503300
27445300
28169100
25854700
26183800
25411900
26258700
26325600
28877400
27108200
25771900
25798300
25753900
30750000
30955000
26873200
26270300
26745700
25228900
25538600
25878600
27374700
29410900
28916700
27036200
26329500
26186700
25999900
27608100
28145300
29133800
31109500
35275400
26613100
25195600
26543800
25188900
25639000
25253600
25622000
25517700
25445400
25105100
25844100
25682100
25180400
26017900
24891300
25401200
24889600
26691200
34547900
27455000
27180400
26189500
26638200
26795600
27433000
26442400
37651500
33360200
30309800
27669100
25465200
25687900
25838000
26733300
28132900
29413600
30180200
26093500
25728800
26370800
25555900
25303400
25755000
25568800
25674300
26098500
27184300
27752000
26890100
27934600
26936300
25902800
26601400
25780300
31639400
29952700
27498600
26295100
28229900
26005000
26039700
26530900
25714600
25838800
26141200
26101900
25732800
27570200
25775100
26150500
26819300
25321600
25010100
32467400
26165000
24920600
27489000
26652300
27183700
26625600
26622700
26292200
26677000
26429500
27052300
27304500
27510500
26693300
28165600
26127700
25158900
28467900
30679700
25349100
25797900
27469600
29088600
26803500
26127500
26309500
25557600
26209100
28125200
31838200
34938400
31698400
25561000
27232000
26214500
35090000
37089200
30553200
27488600
26701500
28163400
27983700
28138500
25034000
25902800
27374700
30045400
27113200
31609800
32843700
32746700
32204100
35962900
39405100
33406700
26051400
25709300
26175000
25878200
30682700
27615700
27001400
26777700
26834200
26071300
28646000
29391600
28282500
25860800
28509700
35382200
25246000
25368100
26078400
25679900
25964700
25052800
25322800
25954300
25726200
27891700
27605300
26800900
25635900
25297700
25216300
25028500
24776100
29130800
38670600
30824400
27773000
28700800
25810200
26494900
25557400
26884500
25831600
26320500
26664700
27136400
26137300
28188800
28833000
26399700
25364800
27706000
31118900
26317000
26961800
28220400
28124100
29574400
30333200
30193400
34085300
28886100
34850800
31125500
27677300
27444500
29364500
27219100
28184600
33065600
26536800
25518200
27165300
26142800
25668900
26114700
26049300
25860000
31801300
29787300
31979400
26380900
32662600
28000700
26040900
26749500
34613600
30443900
29734400
29745400
29760600
26546100
27038700
26703700
25921900
26298400
25680600
28391600
28684500
29070600
35096100
33825900
34038400
35544600
36346300
36987000
33549500
32558100
30614900
26662300
27362700
27559200
27026300
26397200
25284100
27306000
26876600
34372600
27655700
27141800
30428200
31394000
26472500
25673000
28356400
26679800
26193600
26471100
27481000
26578100
25649800
25310900
25291200
26145600
25660600
25224400
26102100
26885200
26984300
32513600
27794900
24802400
25943000
25702800
25507100
25108900
27326000
25971000
26946300
25955800
26396300
26661100
25422600
26712400
25978800
28031600
27214600
26522500
36571700
27357500
25591200
25198600
26227800
24952900
26016300
25171000
25384600
28124200
37532600
35396700
32068800
26105800
25795400
24681600
25177500
27250400
34670700
26066700
27169100
26295500
27291700
26493100
25406700
27239700
25252400
28829600
31131600
70819500
33658300
34413400
40212000
35267000
31112200
26768400
26976600
26920400
27791400
27194600
27050900
26045000
25328800
25008800
27135600
28242100
28339300
34284800
46275300
39814600
34558000
37903200
34205800
27771700
27205800
26282000
26501600
25440000
29861100
35361900
40775400
34282400
31439500
35183200
27756600
28328300
28073900
29267600
28824400
34620300
26577500
27814900
26811900
26069500
26626600
26123300
27464800
27571800
27790200
33201800
33585800
34565700
33249600
36269800
37265000
32363200
27559100
26395100
25715800
24869500
25624300
25998300
25618400
26252200
26651600
25246700
25241000
27451200
31178500
26269500
26976700
25975300
34339000
27954700
27768700
27067000
26118900
26007600
27746800
26353000
25346400
25426200
25807400
25418000
25987400
26029600
26024900
25763200
25318400
25714000
27066900
32538300
26696500
27358700
27472100
25901600
26363700
29195100
27866500
28350800
26749200
26914800
27222300
26347800
29746300
30656800
26169900
26272000
29316000
29084400
30422800
27889500
27357700
26219800
26455600
24989300
25629400
25392400
25107900
24833000
26008300
26012900
25245900
25233500
25053900
25063400
24994500
30384900
32062000
26139600
25946900
26698900
25504800
27261900
27494800
26245900
26768500
25499000
28574700
25762400
28249200
25730400
26448100
25764900
25198900
25685400
28812200
29769200
25516500
24807400
25759600
24994300
25306600
26169000
26427700
25883700
25428000
28071100
25775300
26529800
26264700
26112300
26492600
25613300
27173100
30098000
30466600
27026700
28104300
25750900
25473100
31322700
41739400
37434600
30542700
33345200
29486600
26214800
26661300
27120100
25079900
24965500
29516900
32430300
26241800
27664400
27235200
27194400
26453700
25973000
26327600
25420100
26679500
27126600
27164600
26354500
25402400
27681200
32984100
30411100
29750100
30389600
29767900
28031200
26160300
25900300
25410500
26079700
25222100
25167900
25523000
25014100
24921600
25081400
25569500
28183500
26584200
26344500
26597000
31764600
30194800
31589300
30124900
26569400
26966200
25729200
27976900
27856700
26069300
26729400
27937500
32685000
32299800
33206900
32309600
32297500
35542400
36838900
32108500
26054500
25716200
25819300
28192900
27099200
26529600
27159500
26530800
26696600
27130400
25961400
28028300
26488100
26120700
27510900
30584800
28968500
27120900
26554000
25070300
25673300
25118900
25907300
25859500
25182900
25269400
25718000
26035800
24951800
24758700
25089800
24860900
24841400
27529600
28769200
32210900
26713500
26143800
28562900
26626800
26262900
26521900
25999800
26264500
26984900
26210700
25744200
25374400
25554700
26673400
25316900
25671700
25734400
30373600
27752600
24754000
24826000
42019100
26464600
25584400
25154300
25099700
24887600
27281300
26235500
25673700
26053900
25881600
26270000
26219500
25820300
27928300
32819700
26218500
27485000
26144500
25284600
26437400
26374100
25685900
25696000
25358500
25184200
25692000
25066100
25165900
25027100
26742900
25162200
25182800
24968600
32539700
26648200
27341300
26105500
26219700
26768600
26389300
28465200
26638400
26000500
26896000
26639000
26195000
26032100
27590300
28891100
31410500
29403900
32553300
33523500
31026400
27113100
26162400
26078100
30663300
29101200
26677900
26100800
25089200
24880800
24847000
28196300
31555300
26928500
27250800
26404500
32027900
28389400
27041800
27536600
26232900
26273500
27715300
36959700
28256300
27371800
26224900
25467700
25725100
25495300
25295500
25552400
25175500
24833500
28849200
29184600
25290500
25077800
25387000
25982900
24544400
27883200
26882900
31130100
28599600
28148500
29345000
29424600
29008200
27628800
25891700
26228600
30630800
36024900
27702500
26464900
25547500
26296200
25515400
25834800
25420300
25194400
25176700
27183100
31871100
28561300
28291600
27422700
33687200
33309900
32532700
29726300
26761800
26211100
25915000
26565200
25689100
26750700
25752500
26793800
29284700
26062400
25518600
25398200
25459800
26718300
25413000
25848100
25301900
33779500
28899300
26265200
26526200
25134100
25664900
25052000
24938700
25642000
27883900
28880000
28555100
26199400
26365900
26767900
25673700
26932300
25639600
31244600
33036700
28632900
26699200
26427600
25584100
25484200
26009800
25538600
25965200
25581500
25699700
24902400
25202400
24989200
26732700
25323800
25677400
26870400
27070200
30785800
28534100
28257600
27257800
26614800
25992600
26072800
25720500
26509600
27243700
27894900
30079900
27383500
26364100
26094900
25085800
25491600
25194100
34366400
29993100
26833800
25558800
25174900
25879600
25899700
25730500
25371200
25196700
25103200
24835200
24869500
34066600
31794900
28763000
30316900
25987900
30590500
30310000
25709900
27605500
26301600
26492300
27353600
26450500
26417800
25399000
25198200
26105600
25194900
30192700
27297300
26696800
25642300
25097000
25009300
31707600
26472900
25302000
25386700
25136200
24773500
27122700
25801900
26519200
26453700
25959500
26421800
25885400
28770200
29059900
29829500
26009300
26395000
29221400
28457700
31654900
26609500
26109800
25555100
25409600
25311300
25573800
28210100
28516900
27526600
25870800
24820900
26258900
27136800
27537000
26875800
28928600
31709800
29311200
27036400
26331000
26002200
26469800
25793700
27016400
26769800
26087700
28520600
26506000
25320700
25574300
25914300
27451600
26495900
26632400
27086800
28311900
31397000
24819600
26274700
25830700
26140800
26236900
26324800
25459200
25285400
28486900
26631500
25759200
27322900
27111500
27111000
26392800
26041200
30134100
30986700
28182200
31288100
26769700
26510600
25682100
25562400
25347900
25626600
26976900
25570900
27087000
25991500
25505200
26716000
25356900
25226500
25158700
30217800
27507700
25014100
28400400
25637400
26551200
25803400
27167900
26468900
25589600
27129600
25810500
27222700
27790100
27157600
26380000
25389400
25345900
25114900
31526300
27888900
25755200
25231300
26003300
25821600
25084200
25407600
27081300
27716800
28352200
26948000
26138700
25531900
27502600
27621800
26503500
25866300
28046300
31025500
32696000
26252900
27739600
28601200
28115100
27845200
25862200
24990300
27672700
26399900
26465000
25674300
25638400
26103200
25685800
25129300
25158300
30471500
28144800
25154600
25210700
24881300
25060200
25066000
28510900
26655800
25737700
28049300
30163700
31796000
27080900
27679700
27584800
25727100
28285100
36663700
34115500
32477100
35664200
27765000
25799500
25979800
25502100
25465000
24973600
32248500
33108500
33894300
34709800
33219400
26753200
29638200
31037400
33067800
27058400
27792800
26478900
25860700
26667000
26222200
26590200
26895200
27707100
26778100
25222100
26271500
27855400
27480500
26019300
25242200
29236200
29918200
25586700
25038900
26425400
24913600
25392800
25046500
25011700
25232800
24719400
27916100
27111400
25676700
26367300
26509700
27307600
27889600
26021500
30843100
30234200
26327300
27766100
26297800
25398200
25886100
25404300
25894700
26100200
25496200
26891200
25651600
25202000
25305800
26906600
25892000
25562400
26116900
29377400
28985600
25503700
29153300
26499100
26604500
25698400
26358300
25741400
26022300
26275400
26812500
26537000
26024800
26471700
25894100
25739600
25378300
25914200
32172800
28226500
25876800
25570600
25392200
25204200
25418100
25372900
25451200
25235900
26275700
28737400
27260200
25214600
26827200
27355300
27118800
35072100
36966100
31077400
32107100
28345700
26616900
25363500
27266500
27208400
27463900
26805200
26146600
26180000
25541600
25637400
25675400
33643800
27378800
25232700
27697300
31394800
27697400
27583700
27453700
27001900
25002300
28313300
26401000
26445100
28156900
26865900
27213400
26513400
26204700
27508400
25982400
26345800
28009400
32265400
26546700
26934200
27163400
26559000
25743800
25235100
25900600
25011400
25230700
25554400
26123400
25243700
24929000
25125700
25002900
24744600
25284600
27179000
31270900
28963200
29384200
31953200
26652600
27324200
26651600
25835000
27212700
25602700
30907100
26100900
25775700
25621100
26862400
25979200
25180100
25409200
28575300
30892100
25641700
27963500
28966700
26138600
25488300
25501600
24701600
24892400
26143000
26989600
27000500
25968100
25916500
27056400
25603400
25981500
25765300
31617400
29357800
26438000
27327400
26082600
27403300
26513200
27885400
27835300
26762900
25975500
25731900
25201700
25222800
25648900
26714300
24985800
25382600
25173700
33270200
30731800
28147700
27118000
26922400
26178000
26089100
25913200
26597900
26566300
26292100
26694200
26012500
26564300
27733600
44560200
30549800
28926100
32223400
25162200
25969900
28170500
25065100
25072200
24753800
25968200
25377400
24928300
25839400
25719400
24981500
24959600
27523300
27549400
26881800
26588800
30772900
32560200
27168900
25752500
27393500
25848400
26447200
27668500
25150200
41401600
27280200
27487900
25547300
25480600
25699300
26971600
27437600
26304300
27447000
31663300
25219700
24814000
25506000
24881000
26171400
29639900
28600200
26589400
25944100
29714500
29027200
27428600
27376800
28238500
25567800
27196800
32595200
44497400
28086100
26865400
25448200
25618700
26279000
25331900
25633600
24823500
25718800
25496400
32146900
30486800
26550000
25941100
25112000
24818900
28253300
32716800
26678900
26495400
26327200
26392100
25976100
27025200
27307300
27185200
29130600
28778500
26119300
25167500
25874100
26482700
28030100
28806200
26249000
30778900
28514600
25682500
25297900
25887500
25755900
25143000
25205800
25034700
26283600
34193400
28819200
27113100
27235300
26507700
25947700
26357700
25380000
27070100
33036600
26699800
26190800
27643900
28191500
28057400
26288500
25709500
25748100
25335300
25306100
25870700
27634600
27080400
27689600
26489500
25015900
25229600
27711500
29865800
25460800
27472400
26103000
26905300
25424300
26152300
25984000
29864500
30457100
29115700
26431800
26584000
26739400
26147100
26887600
27955500
26649900
32748000
27019200
25514600
25533400
25346900
24974200
25152500
25433000
25423200
25135600
25658000
31183000
29481600
26066600
29039600
27071300
26110900
26281900
28236200
32428300
26402300
26888100
27361900
27153500
29800300
28619300
25870500
25970200
25278900
25322700
26104500
25400300
27438300
26788500
26098700
25791700
25284700
30624800
27997700
25198200
26593100
26416900
26298600
27872800
26457900
27209800
27391300
33928500
33671700
33368400
34504200
38290100
43433300
41653000
36907100
34458300
32510000
26537000
26690900
26144400
25433400
26729000
32774200
36153300
36985300
34968000
30873300
26037500
25910400
29547100
29264400
31336700
26711000
30042800
28814500
27255200
26654900
26372500
26269200
26384700
26469500
27816600
25476700
25818100
26120400
25808400
25659800
25474500
25432800
31313600
27190700
25178600
33389500
27759100
26293200
26415300
26509400
25388300
27045700
26511400
26640100
25668100
26928900
29416600
28422100
27806600
28271500
31376600
29154900
27646200
25993600
25430100
25409100
27290400
26286600
25636300
25707300
25307400
25780200
25754900
25340900
26979300
25439100
25647200
27034600
26377700
28406600
29455600
31509200
26781800
27244400
26610100
26466900
25903400
26824300
31811400
28978400
27686800
27101600
26357900
28009100
26283600
25863400
27373500
31896100
28361700
25713400
25841200
25539000
27079200
26192000
28048700
26287000
25715600
26195400
25748500
25987000
27207700
27475200
26184100
25659200
26518900
27059000
32898400
29207800
28726700
28463600
26859000
27336900
29440400
27191500
26256700
26101000
27097700
26412500
26012000
25757000
25098800
28119200
26685200
26520200
31182700
27824300
25061100
26046200
26054400
27799700
30750500
27304000
27787200
27782000
26899400
26378100
26721600
27269800
27933500
27327400
25864300
28169600
30322800
29120300
26012200
25442000
25694200
26172700
25552500
27126100
26737700
25978900
25134000
25646400
24997300
25635700
25079600
25264400
25134800
25766300
28767400
29205600
30519800
29056100
27192200
26369800
26969800
27164100
25864100
26630300
26898200
28592400
49417900
33294100
31953300
28914900
26813400
26176300
28117500
30536400
24922700
25983500
25346500
25120800
24981300
25000900
25487700
24867300
24827900
28550800
28207400
63412300
34695000
38046200
50351200
35306500
27688600
29284400
25934500
26437900
29146700
27768300
27245800
26132300
26114900
25352900
27090400
31565000
27109800
26070500
25400100
27751600
31592200
34930300
30554300
26874400
27144700
27973800
25848200
26201000
26387800
26174300
35149200
