51150200
51818300
51360400
56560900
53998200
52433400
62768900
56732500
56019200
53658500
52518100
54407400
51450700
51092500
51057500
55882100
55095100
53638500
64426600
54042100
52611300
54594100
54846400
55494100
57253500
58415600
52552900
51961500
50736400
51110700
51167000
51667900
53319200
54830400
65550000
56701500
55805400
53277600
54074800
51803700
52137500
51477500
52262300
58981500
52031400
53074100
51020700
54347200
52739900
53135900
59837000
55999800
60359100
64752200
61994500
54464600
52541400
51466800
52345600
51767200
50516300
58573500
62898600
53576400
54856400
54067200
53415000
54478700
51887300
52122700
59621900
52720500
50845600
51380400
52743200
52491200
54563800
54695000
53529100
55729300
59229700
53399600
54553200
52016900
54732500
52828400
51842300
50887000
52776800
60459100
55796000
57837800
54678800
54384900
55507600
55458000
56451500
55214700
61930000
54092000
52628000
52656500
51865900
53357700
53349800
51857200
54591100
61687600
55108400
56957900
56600100
56420000
52821000
52097900
51771400
52830000
61994400
54683000
51644300
50886600
53768500
53786500
54112800
57758100
53702900
60509600
54809900
51620000
51906900
51457000
51643300
51981000
54602400
51365800
50815000
62743600
52975000
53021800
58108400
79206300
73871700
59156100
60792800
69113700
66597200
65899600
66202700
79753300
63189700
60488000
63706300
74890000
65330300
61365800
66822400
66716400
60306700
64495800
70151400
69410100
66347800
67175900
55635300
55395300
54157000
56797300
62083100
53949800
55024200
52507500
52190500
54321300
52600100
57644800
56952900
63316100
55412100
54337000
52617300
55009200
52027400
52313200
55918100
59514000
63537400
53116200
54345400
56119500
57542000
59887500
59015000
57670000
59007900
68451100
55371000
55742100
56679000
55315100
55762400
60188400
69993200
157143500
134620300
122102400
81078100
123458500
128695700
101542200
116284400
101955900
82438500
72688200
64029600
62449000
72511000
66604200
58142000
64272200
59446100
60451100
57099800
54498800
58877800
66538300
68377800
72755500
66475800
56552200
54427900
54854700
54396900
54293600
55019000
59981300
63852100
57845500
53849900
55227800
54200600
54175900
53073300
54932000
58036600
57037200
53710200
53847300
54040300
57332900
53901800
55961200
54408800
60873900
57646500
53673500
54930900
53872000
51769400
53450600
51719900
54017800
54031500
63972800
54324500
55699700
53467700
55792800
54390000
56176600
52557500
54440100
60273300
55294300
55422100
52871100
53902100
54729800
56830500
55384000
54061400
62895300
55973000
54648800
52083600
53385500
52179100
53304800
51867100
55133300
61488800
57236700
57040300
55054600
55682200
55263100
54920600
54668400
56244000
60747000
53907800
52219700
53216400
51826400
52276000
52738200
52321300
56516600
64792900
54513700
55898500
56761900
55921800
53858000
53403400
51846700
53884900
59867100
58030500
52369600
53874800
55539300
54743400
55241500
55425100
54973600
64570300
54120900
54156100
52023900
52814500
52212100
53542700
54920500
53907700
58276800
58592000
54978700
53555500
56040200
55159200
55385300
52237200
54470400
57300400
56226600
52223900
53904000
53566300
52309500
54654500
55353500
53635100
59099300
57163800
55125600
54814800
53676100
53933700
53943500
52870800
61737200
61418400
63025800
56299900
65816500
58912200
55142900
55971300
55821300
57047200
57468700
61728500
53263200
53225100
52568100
54365000
52514800
55851000
56354300
64400900
55422600
55335500
55203500
57403200
55284900
68586500
67287500
57552900
60287200
53966800
54122800
51457400
77091700
74315000
73835800
72310200
60977700
53139600
54612100
54107600
54057700
54591200
58244300
56575000
65486200
61015900
58237000
55571100
56058800
55071400
56334900
53402500
52498600
62699000
53416400
53093300
53514700
52906400
53672900
54592300
54549600
53966000
65977000
56605900
56145000
51890600
53041100
52573000
52857600
52250600
53539600
59255800
54248300
52168700
55246100
55052100
56097300
53531400
55474700
54663200
59595500
53897200
62203500
58643000
62780900
88472800
80835600
131602400
106116800
94277500
71754300
59611400
54322200
57486200
64174300
54743600
52602700
55219900
55915800
59219600
54532300
55750900
53631400
65963000
55509300
55148100
54081600
54230300
55040000
54254600
78413200
82320900
70300100
65179000
59092500
56132500
57843700
58548500
57393600
59657000
67037600
64128800
55939800
59008200
68379700
68342100
69594600
74398900
73268100
66443800
58086300
56582100
54171700
54098300
54142500
57745800
55431500
59374600
56922400
54910900
55168800
55803200
54870900
55173800
59874800
53937500
53262500
51733300
52338900
51085700
53430600
53610700
54930000
57148600
59840200
54095500
54842900
55853200
68633500
64966900
57037000
63627400
62359300
53569900
50837400
51585600
54655600
52845400
53752700
62668000
59069200
68604400
55653100
55228500
54388100
54729600
55104400
55520900
55608500
53235200
64965600
53489000
56959500
55673800
56031800
57399100
55608100
54574900
64503700
77117800
73328400
73487700
69211900
79510700
93027400
89220700
73877300
60979800
58507900
54553000
54559300
52792700
52929300
59985000
56155800
57530100
56194000
56332000
57566400
57955500
59009900
60664500
66619300
57450100
55074900
54959100
55429500
54594600
54098900
57698900
58304000
64182400
54873700
55448900
57931200
55608500
55258900
54045600
54718500
60767100
71312500
65411300
54102500
56276400
53483600
53084900
53855600
53875700
71398200
52261800
57500200
53822700
53749900
51455100
51938200
51229600
51277400
60313700
54509000
53341000
52611200
53937500
53291500
54482600
51585600
51737800
54759200
57957700
50701600
51324500
51026300
52377100
54453600
52709900
54283100
54577700
63262500
53589600
55187100
51242800
51670000
51828000
51614900
52482800
51400800
57082700
54744300
54964800
52917200
54426400
54604600
54975900
53026800
53848900
54500400
56404200
51508000
52045900
52471300
53419800
53176000
53993700
55991900
58421400
64930000
55844600
55040400
56231800
54379100
54043900
53452900
57174800
71147500
96288700
81498400
73784800
68324800
76603100
77900500
123571100
102197300
80001900
62753800
53677700
51446700
54555400
60423700
53072200
52819600
53820200
53085900
54303600
53537200
56727800
58283500
61038800
54729100
55939900
53741000
53945800
55224200
56004300
57872000
60649300
59377800
55756200
54231600
53751000
53149500
55378100
56880600
54655600
59311800
57335800
55881700
55559200
61769400
64133000
67199900
57503900
61570300
64864100
66019100
61842000
55907500
54939600
53020100
51771200
54952900
56594000
59242100
60861400
75613500
72122100
59056200
52695600
51622800
50836500
59684000
51104800
53899200
68893000
66192300
64602200
65279000
56623900
62096200
60325900
51916900
51787000
63830600
68962300
68687400
65160300
71524400
58061700
56179300
57471100
59286800
53135000
53924000
52545400
51520000
60179500
52526000
50946800
52098100
51257400
56032500
60623800
53199900
53396200
62238700
54489700
54513600
52944300
51496700
53686900
60562500
52565500
52199200
56615100
53693300
53661300
53410100
53552200
52864100
54329700
53557400
55584600
54398600
56974800
51825000
51718600
51067900
51842000
51256100
52273500
62047800
57165600
62631300
63023500
63256400
57963400
59262600
56362300
52729800
51110800
53545200
61041000
51720800
52127400
53906800
53181100
52595800
55924200
55055500
54878100
67238500
52240300
52273500
54496400
64517900
65679800
62232300
57232400
64117700
56120000
66346500
82814400
88121500
58512400
52504700
51694600
62056600
52346500
50432500
52735100
52683600
52076200
59245900
62800800
55246100
65620900
55201400
56421800
51890800
52534700
51266000
52444000
52211800
54056100
62014700
53516500
56910400
54727200
55301400
54561700
55425400
53676700
58415200
61326900
51930900
56576700
74359600
74816900
64402000
55674900
53312100
61865600
54409600
67499200
95605200
67532100
55282800
52007900
52049500
58919400
51684800
51080200
52570500
57002200
54207700
63034500
67911800
62910000
69013300
51690000
51897200
52006900
51338000
50705100
52459200
50821500
51021700
59758500
59125300
53986800
53125800
62465400
56620300
52387700
51890100
52117300
57833200
53281000
51727400
51540700
53034600
52413600
58707400
56700600
57387000
59257000
60649600
57640600
57246700
55803400
56652300
54658400
59504500
55112600
60682400
72315700
64297400
57522900
55495600
55748000
54913500
56173900
55745100
62775500
52952000
51519900
52737000
54575300
56734000
54870000
59734500
57497900
64127000
58188400
56508300
66670500
68167100
58749900
55769300
54644700
60650400
53561000
53303500
54990400
55929600
56726500
54933600
55775900
55775100
63906200
54503100
55632500
53907800
51749200
50875800
52864700
51448000
51182900
53240300
66443200
69622800
63826500
57076700
54023500
51861000
52806000
51859800
56636900
54253300
54089100
53192400
52253200
52078700
56144900
52845200
53529200
55914300
59127400
53972000
52189200
51548700
61947000
69777500
52518900
53083400
55505000
56945000
53931800
53583400
53157000
53136700
55351700
52508200
54274700
52820000
57772500
51705600
51939600
50813800
51102000
51430300
51662200
53241600
56009600
62128300
53761700
56142000
66236200
56784600
53815800
53904800
51292400
51126800
59308600
51338700
51890700
52032700
54833000
53213100
53221200
53030900
54268300
59617300
57029100
52359700
52441400
51905200
51214200
52254100
50960300
53834000
51729100
63317400
52768000
53960800
54952600
54782100
57161200
52638000
52900800
52456300
61943900
52895800
52493200
51796300
50708700
53720200
53832700
53436800
54225500
79291400
82202400
62554200
62822200
58058200
52042300
51784500
63866100
61481500
53237300
56522200
54666600
54471200
54642300
54958700
54845000
51952700
58329500
53227200
52502700
52875000
53135800
51425700
53963000
52174000
54090900
55945900
63072300
53125400
56410800
56003300
52517500
52593000
51250200
51858800
51959200
57214300
57502900
56004200
53890000
54852800
61107200
57872000
54179200
67446900
59998800
58958600
53463600
58560800
54144800
53557700
51746100
51820100
56966200
61864100
53739200
54653900
55384600
54488400
55730900
52092300
52788100
55134200
55827500
50901500
51683500
51522300
51514400
54151200
53117600
53396600
53753000
63323600
53163100
55369200
51786800
51577100
51749900
51877700
51009600
50831400
56735600
54894300
54618500
56526500
53998300
52891700
54301900
53597400
53800700
54296000
55627500
51885500
51599100
50908800
53450100
52398500
53466800
56067100
53122500
63180000
52854900
55603600
52527000
53521400
51527100
51847000
51480500
52221900
56379900
52228600
51704900
51538100
54170300
52969600
54385300
55252500
55442000
56763500
63972700
57411200
55661100
55328500
54273000
56060900
54082800
53956600
61445200
60288000
54470100
54580800
56287600
56570300
56894300
54158000
54405500
60093400
56306700
72383100
65397600
62272600
67104000
64231400
62911100
66338000
68718200
55111900
51308500
52306200
52130900
51526600
51151900
51972400
60079200
51698200
57509300
63681300
67040900
67593500
66816800
57387000
61477900
55917700
53631600
50900300
50976800
51261700
52452000
51094500
55398400
56201900
59473100
56140500
65914200
62081300
57723800
56838100
59346400
56442300
65502800
59809900
58226900
56082400
55633900
55479000
61485000
60158200
58313200
67872600
65722000
56948600
53765000
53565400
53376900
56525800
55821700
64940400
64354100
53829700
53791000
55977400
55911900
55576000
53432800
53722800
62611100
54250500
62904200
65613200
57627500
56980400
57436000
53739000
54290000
60822300
54244100
52789500
51725000
52492600
51555100
51318100
51815500
51243700
59654100
50848900
56968600
53290700
53659300
53941600
53147800
54442400
51971700
56015500
55316300
51843800
51039300
51720700
51630500
50805100
51247400
53971600
53875000
61437900
54481000
54705800
55053800
52284600
51945800
51465600
51155500
51253500
57485400
52462900
52653400
50941400
55394300
54483900
53712100
53592400
52980200
57240700
58553300
53036900
51905100
51547300
51371700
50952100
50867700
51946800
51209000
61606400
53937600
53069600
52844900
53367000
52666700
54221400
51723600
52423100
57770900
52684400
51532600
52212100
50743600
51523900
55333100
53243900
54133500
53520700
61780000
55240300
52305100
51713900
52064500
53487100
52156600
51773200
53079500
57088000
57102500
58813400
54496400
52841600
53773700
53061500
53363200
53992800
57696400
55946800
51918100
51314800
50942800
51105400
51880700
61358700
53456200
57362500
68152800
63170700
58235200
62354800
54560300
52063500
51674000
51453700
56174500
58550800
51220400
51295400
55558800
54145400
53372400
53902900
53447800
60097300
54863100
60489100
58871100
63415200
53094500
50295900
52429800
51280700
58482700
57239500
52953500
52792700
54222400
52356200
54154200
52336200
52377900
53151900
57732100
51583800
52272800
51112900
52674700
53467300
54798300
54051300
53538800
62150100
53400200
53695700
51477400
52042100
51641400
51611700
50706200
53020600
56752100
57527400
57003600
52988300
53999000
53780100
53685200
53054500
53878100
55236300
56537300
51489200
51438400
51448500
51579900
50629500
51426300
53622400
55260800
64957300
56886300
55455800
54159400
55222100
52361500
51978100
51586900
51916800
58350100
52619200
51785500
52372700
55366800
54659300
55022500
54211000
56215200
61419000
55829100
55362400
52469300
52766700
51075500
51638100
51953400
51452500
53884300
62022200
53832200
54898800
57281900
53497400
54739100
52229400
51836800
52949000
59689500
51548600
51723000
62849500
59148900
58502000
66035000
62811000
58512800
54836100
55653500
53260200
51850000
51539700
51403900
54462300
80878500
70221600
56181100
56104300
53141700
53471600
53167600
54923600
54260900
55705100
60517000
56229900
57443500
53456600
52169400
52068100
58812500
65143500
60115200
70755800
54276900
71387700
61494000
58907900
55095600
53914400
52576500
59162300
53816500
53017200
51994100
55789800
54686900
54662900
54966000
54888000
60154600
55314100
55106400
53776800
51951600
52026300
52191300
51126400
54609200
57087000
60407900
54917500
53984000
54323500
54460300
55615200
51962100
53076800
55140000
59907400
53855700
67345100
59677300
62348700
61482700
53470300
53864800
59623100
56444200
55462700
55064400
53785100
51903600
51437200
52905400
53821100
58563800
58290900
54421600
54341900
56053700
78655200
86271200
60273600
57747600
56178200
56617300
59203300
80753300
62577300
52887200
56556500
52741400
60174700
84673300
69904600
64875300
60100200
60305400
64001800
94029300
80810600
56287700
59504100
59100300
54659600
54601100
54756000
62522900
55351500
65073600
65702800
65336000
54470400
52565900
52383900
50996900
63641000
53418700
54924900
63034200
63688400
55314500
52259600
52483000
58578800
69199100
62726800
55928100
52188400
53132400
56150000
53292100
54190400
59766100
56744100
54803900
52448600
51594900
51600600
52131500
51803700
52193200
51478200
58986300
53294600
55550300
53121800
57317100
56904300
54962300
53616500
53101100
61620300
52303900
52055000
51512900
53188300
51885000
53771500
56397700
55207800
62091800
56335600
55207200
52995500
54468600
52806800
52046300
51601600
51829500
57891300
57043600
53349500
61999500
65684300
62470800
55650200
56144500
54951500
62764000
56328800
56140900
52300300
52312800
65738800
58361500
53824900
55109400
64272900
57106300
54467900
53556300
54216600
55746800
61975500
57573200
59411200
64518400
63372600
63898100
66389300
63766500
67906200
57042100
61303100
64922000
57987500
55001600
55144200
52780700
54004700
53739300
51141000
69361500
58830400
60029000
55085800
55432100
63229700
54607700
64168500
67006800
57266000
53308300
52176400
56263600
52761300
53152400
51328700
58689000
56914400
62457900
55070000
61552100
61693200
53185500
51536900
54365100
54685200
57237700
73091200
80241900
123785400
67790800
58825900
60716300
63075600
57531800
59392300
105314300
62670100
55391600
53552000
51862300
64513800
63098700
60950700
60245100
55683900
54848900
52668600
51728900
53558800
58079400
51021500
53191500
55806500
51456800
54178600
54010600
53161400
53656800
62836900
55438300
55652300
53466900
53899000
52383200
51667000
52047800
51989200
58773900
52857300
55108300
52469800
54099100
55697500
54234600
53099600
53490700
56587900
65608300
52803200
51234600
52131400
51083800
51235300
51200600
55438600
54945300
60839200
56266000
53936500
55299200
54427400
70503800
72928900
61951300
62626300
52001400
51348800
52258000
54478100
56324700
61919700
86492300
75783200
86848500
63823900
63680300
60318700
67340400
78845600
77385300
63872200
55650900
55128400
53552300
53012000
64513700
75507000
66967600
66925600
64536900
53749300
52567900
54429500
56626600
53970100
74300400
85598100
60140100
51294900
52596800
53906700
51630500
52392600
51919600
69627300
68703900
59486000
57134400
52840700
54032300
53297900
54575400
52231800
60063800
51435700
52129100
50709900
51854300
51250900
51083500
53761100
58063500
59597600
57249300
54527000
53885000
54139700
52482600
51964000
51521000
53675500
54024200
60018400
52705800
52762200
54135000
55692000
53731100
54657100
53982700
54357800
65893500
54517100
51465200
51626500
51544400
51187200
51516000
61498600
85819200
71757300
57226800
53648800
53802300
52870200
54982200
82899400
70363900
59006300
51207000
50774500
52266100
52870400
54293500
53218900
52465400
52925300
64123600
57398900
54806100
51826500
65168600
73468800
64866300
55815400
59537500
53742700
55265200
52870500
53154400
53102500
54637200
53240200
57205800
58673500
52654600
52287200
51260700
51270300
51305800
50910700
52035000
69959700
77386500
72060600
65423500
56525600
53251800
53725200
52896800
51529000
51091100
59605800
51556100
58013100
60371200
56528700
52929600
63807900
55111700
54401000
62485900
51810600
51908300
53597900
51575600
51424000
51155000
51870200
51605100
61966900
53320300
53139400
54998700
54459800
55256900
55739900
54582800
52917800
62081100
58086300
55931700
57600700
53871300
53244200
53757000
53087400
55184900
65249100
54864700
54820100
53259600
53030500
53273600
52022000
51770400
52540400
58742500
56926600
53308300
53134600
65166200
113573100
65535600
55613300
59832800
51227300
56239600
52488500
51179000
52448900
50637300
52365100
55556400
60952100
56645800
53954900
53819700
53947400
