37439500
37886500
37755500
37813000
37949100
36748800
42620500
42968600
37404200
37810800
38885000
42450600
40545400
39972100
40183300
39451800
40165300
40000800
42036600
49066500
44539500
39047600
38565500
39770800
39181000
45164300
42938600
38498000
38756200
42425500
48629900
55207300
46076500
41231600
39707600
40602700
40356800
40264200
40120200
39213200
39094900
46683200
49112100
50870100
49940900
48146800
38825200
38108000
40621400
43339500
43625500
45659500
39284100
39189800
51929800
42443800
40938400
38264000
38713300
40740500
37804300
36615900
36632300
36704000
37308300
36641200
40187100
46795900
38113100
40818300
38409300
38401400
37649900
38916400
38081600
37998600
38382700
38717300
37347100
44774800
40837500
38286300
36985200
36242700
36300900
37825100
36284600
36998900
36725200
36697900
39435900
37595600
42464200
41567300
38997400
39861100
37753400
38782100
37572800
42494600
43109000
41496900
37009300
36714300
37148000
42133900
53355700
40543700
40521500
38365400
41093600
38289300
37927100
37812800
38275100
39396300
37280300
40528500
46849600
40385300
38043600
37492700
38359700
36750900
36397200
37040000
36219300
37424600
36020900
40542900
43351900
41876300
38710000
37453500
37839400
38498100
41177700
37103200
38703100
37394200
38919500
55976000
48820100
48873200
48227300
46859900
42662600
37938100
37678300
42555800
39261100
39543300
44480200
43050800
43229700
46142900
38704000
39975900
37223900
36802800
37938100
39245000
46805900
40214600
46066200
72256400
50577900
49626400
41104000
46457400
45872700
44343300
41298000
39457800
38243600
37414600
37112600
40625900
42965800
37378800
36783500
36319500
36451000
47750500
63876500
42762500
52261600
53965400
50573100
44907700
39503500
42504000
41526900
41409200
44454600
44640800
37890000
37153100
39417900
38360200
66329000
70804400
57980200
48370500
53109700
47447400
45350500
42684700
40824300
37279200
40320100
44695600
37778500
36608400
37183600
36850300
36669400
36457100
36274000
38118700
37540100
38585500
39619600
41235400
49387200
39156800
42041700
40985900
40815200
41206600
40847200
41004900
39881100
38409700
39003100
38291000
45187700
40576100
39680400
38512400
38561200
37722700
37793400
36179400
44630200
44880700
43675900
44129300
49393700
45173000
44765400
74003600
85463600
42200800
38523700
37062900
37887900
37680000
40447300
40427800
36144700
38289800
40255200
44563800
51102700
40518600
40768100
40260000
41354400
45633600
45564200
43253500
38687100
38431500
38028100
38448800
39315200
39173300
38907400
39289800
40034100
40809300
40236400
48383600
39127400
40238300
39361500
41314100
41172400
38867400
37927000
38276400
38439100
38493500
46529500
94971400
52710900
63871700
54128400
43250300
38714000
40644500
40250100
38926000
38471300
43987300
54760500
70233400
45700000
43583400
43885100
50665800
47275900
42518300
38300500
37886000
46748400
38674800
37801700
37617600
38683300
40917300
42685900
39580300
40957600
39593900
37987700
38163100
41943700
40622100
35994000
36800800
36749600
35880500
36016900
36273300
38049900
37523500
38859600
41154300
38246000
43604700
46125300
41572300
43615700
38709900
37593500
39381100
37094300
37179900
37324300
38209200
39744900
37011900
43966100
36084600
36068200
39784600
38021600
37461800
40615300
39475900
38086700
39301100
38576800
38668500
37659200
41686800
43460300
39226500
37235800
37370500
36830500
39494300
38483500
37810800
36484500
40832600
44356100
49762800
51253800
43013700
48256900
43142900
44892000
47389900
41888900
42685800
45413300
47426000
44625800
50062000
41721300
41057800
39094200
42937600
39648300
62291900
57764200
64473700
92013700
39505700
39260000
39282400
38893800
38687800
37210200
38414200
37064500
36629700
35984200
36301100
40459500
47966100
47513800
42605600
40771200
40806300
40034500
38926700
40352600
37936000
38987600
39671000
39712200
45498900
42559500
39738800
40214600
39198300
38924500
39363700
37966500
40072100
37753000
37598200
38199400
43494600
56610600
45593700
46386800
44598400
39730000
41409200
40377500
39941900
39503500
37931300
39165300
45073300
39839000
38254200
38830800
38606200
37875300
38293600
38355000
37977400
37540200
50909100
63785300
68064600
67418600
69150000
51459300
50058100
48858500
48375900
43653900
42511000
43350400
51519800
42273700
41524400
40859600
41150900
38899200
39452600
38873800
38013400
38357600
43284000
41047100
42640800
38438800
37854500
38326900
37402800
44052900
40202600
38705500
39432900
39836300
39687200
38989800
47043400
39805300
37697500
36779600
36995900
37581300
37361900
38154300
35953000
38143100
37575400
37178500
37501900
47097000
41772700
38473300
38272500
40060700
39104400
40586100
38883500
38884600
37417000
55975100
45353700
45946300
39062500
37099300
36437800
37630400
36543000
36506800
37399500
39456700
38584200
39689100
40232300
40354300
49955900
39766700
39753900
40505500
39889900
40676800
39863800
40005200
39197600
39486200
39759100
39402500
43911100
43673700
40297800
50089000
40170100
42260800
50763500
42669200
40687500
37920800
38777300
39047800
44469700
48793600
43918900
41367600
40407300
40488500
39981100
39010400
38744200
39942100
40703000
39749900
44767400
41324000
38617300
39040800
39686100
39003500
39171100
37909100
37702800
37219500
43689800
38596700
40032900
47605800
40841000
38805900
39101100
38546000
40413800
42206700
40867100
39675400
42242700
44053900
47849800
48418200
39982600
37478900
38643700
38085100
37833200
38622900
38096900
38861700
38495000
39062700
49664900
47123200
46503500
48575100
44586900
43136600
41144800
39648800
41260800
40254300
38980100
37990500
38784800
57029100
40187000
40438500
41185300
39729500
40565400
40133400
44876100
44585100
38196300
37633100
43354600
73821000
70975400
49696500
41496500
39070000
39422600
43988300
57468100
55386200
60639200
60024700
64143500
52029000
43488500
40316400
40763600
40630600
40088000
39859400
41357700
40742200
48808900
41490000
39948000
40719700
39890900
41147200
40847300
41208000
40064200
39611100
41485300
42196600
48301700
41008300
41398700
39889400
41003000
40689200
39192200
38548700
38369700
37981400
37952600
38543700
40213000
44067400
40180200
37980100
38936800
45346900
45064100
59694800
56953300
62627900
70265700
89620800
69744000
48932700
39277300
55108300
47526800
44953500
47368800
48595000
49653800
45986600
40563400
39773500
39368700
39210400
38822400
52952400
48370800
50412500
51129600
52223700
39909700
38148400
38972600
38439800
40584400
40029400
42891100
40086200
39132000
41114000
40831800
49634600
41738100
40706100
42633800
41732900
40158200
39294300
39105700
39321600
39148400
37867600
38547300
43722500
40585600
38825300
41046800
40115700
38965200
39520100
40057700
39020000
39791500
39287200
39884600
38463700
47595600
38335200
37837800
37671800
38315200
39898200
38130800
38601900
38784700
38225100
43782600
42126100
46180000
46963100
41456700
40807100
39634900
40965700
39761900
39170200
38161300
36546900
38419800
53419500
56510000
65322100
49959200
47217100
44441800
38901200
39180900
42809700
42895900
42701500
41084300
46470400
43007600
37754000
37802700
38191400
39091400
38348000
37667700
36143100
36367800
36830100
39314700
37919400
46051100
38575800
40138800
41394300
38996900
40041800
38962100
37712200
48805400
41446600
37289500
42716300
41933700
43007600
43857100
37174100
36067100
38529000
37576500
37776400
41086900
38727700
39084100
38673200
39252900
44410900
43039200
38520700
39211200
36598500
38836600
36763100
36926700
37060000
37168500
36239000
36429900
37339600
40408300
40488800
36329000
38880300
38181700
38297200
38933400
39355100
38210000
38845200
40649700
41177300
38495600
42065800
38832500
36953700
36562700
36369900
37125000
37368500
36315100
36677200
36446300
35846800
39684900
37716100
39514100
44351200
38425000
39465300
38431500
39449100
41412900
39388700
39000600
36559000
37015600
37022100
37366400
43510100
43550800
37043000
36287500
36415200
39834400
38064700
38524000
38154900
38300200
37907800
38589800
38597000
44818300
42979900
37862300
38512600
39028000
38259000
38666200
36992300
36778100
36673000
35958600
36516900
37795600
46104900
44479900
40348300
37815900
37671100
39861400
37227600
37390800
38932400
37526500
37212900
37009000
36332800
42200800
39013700
36116700
37031800
36293400
36023500
36705300
36646000
38923000
37777800
37813900
37435100
38460700
44527900
42283800
37972000
39960400
36929700
40624800
41588400
38704100
36841200
36605900
36368500
36197400
36318600
38918200
41883900
37030500
39582500
37653400
37756800
38079600
39201000
39687600
38932100
38267700
38124100
37061000
38459900
45233400
37891200
37245800
36429700
37067300
36679400
37948100
36442500
36132700
36195600
38195500
38069600
37305400
45617000
37875300
37461300
38408000
37392900
39455400
39907500
39999900
39510900
40103600
51919600
44455400
44800200
40817000
36904700
36985500
40205700
40689700
38891900
44158200
47901600
42346900
43523900
43392000
46675200
40642300
40921800
40179200
39784700
39761200
38803800
38416400
41726800
36790700
36740400
36159900
36170200
46996800
43574800
37394600
37787300
40769400
41459200
41133600
41599200
40028000
40391100
39534400
39393200
45249600
38944200
37235300
36986600
37649700
36723100
37120500
37526100
41454200
39328100
37346400
38148100
37803400
44149400
39647300
37376300
38697300
38208600
36967700
37767300
37353600
37032700
36301800
36956900
36874700
36636100
39108000
46025000
44219500
48937000
41943700
39007100
39599200
40518700
39094800
38219200
38396000
36819400
38214000
43140900
38402600
45609200
45477700
42749100
56265600
49664800
42474000
41204800
37926500
38172100
39665000
44502000
39033700
38201200
37481400
39912100
36971900
36906000
37031200
37020200
36857800
36822200
36270700
35957800
45401300
46368400
40850600
38734600
40161900
38037500
38919700
38348100
37651400
38425600
38231700
37239900
42534700
42866600
38567900
36966300
36506200
36816200
36465400
36230900
36064300
37437400
37182300
35835400
36014600
39022400
46090800
38382100
37517200
39259000
38156800
38275200
37968900
39160400
36936700
36982100
36759500
36625400
36961100
44004000
36080300
37707300
37382600
37434600
38660500
37069100
38702600
38195700
37728000
37825800
37509700
38712000
46383500
47004800
44101100
47533800
42128600
39818000
37873800
39003800
38541100
38344300
36494700
36264800
41128200
38828400
38845500
38245100
37777500
37693400
38147400
38175800
37691100
37891100
40202200
36696900
37000900
39998700
44241800
37515200
37110600
36700000
36761100
37403800
36452400
36255900
37457400
39112400
38208900
37828800
48535800
40389600
40280600
38283600
37368400
39529500
36929100
36692300
36553500
36997400
36673200
36648700
36039800
38588600
42445700
36315600
37204900
36495000
39370200
37882800
37849100
38632400
37323600
37911500
38387800
37507500
40803300
43835400
36533400
36823100
36864900
37215900
36906000
36250900
36817600
37996500
37174000
36594300
36880000
37379500
54110000
50259000
43961500
42342400
38181600
39400200
37780100
38613200
37423600
36595200
36900000
36656400
43143400
38216600
36321600
36326100
36188100
36173800
37523400
38672000
38900400
41215400
37389800
38357100
38058900
43295400
40441600
38159100
38385000
36867200
37305900
36679400
37006700
36716200
36015900
36615600
36967600
36459100
38690900
42069000
39013200
37515800
38990400
38388400
40226600
45264600
38265400
37300600
39465700
42181800
41408600
40716700
43315700
37609100
37852700
36090000
39271500
38393100
48307000
48756600
46854600
45263700
39458800
44214900
40273200
38320600
38006800
39275600
39194800
37887700
37273800
36999100
36849900
36917600
36539400
36293600
41993400
38287400
37947400
38002100
36965300
41339300
38218800
37827100
38409500
37879100
38652100
38107600
37797600
45946000
38021900
38199300
36570300
36780000
36853900
37130100
36184200
36437000
36956800
36771000
35976400
37610500
47673300
44866100
39098000
37772600
39465300
38405800
37221100
38511000
38368400
38949500
36933400
36822100
36814500
41551700
38781100
36951600
36575400
36158700
36063800
39045200
42820600
39598900
45194800
42509100
47290200
40277100
51243100
49793600
38023600
37352700
38128700
49698600
47695100
44211800
39877800
38513100
38407700
39467800
40559300
39322500
37936100
37454800
38275700
38510900
37429500
43186100
45572400
43196800
41504300
37709200
46431000
37171300
38586600
36020400
36115600
37844100
36684100
36329300
36467500
37143900
38027500
37189800
37214800
43912900
38639800
38546200
37955800
37497800
39328900
37468200
38193500
37789100
39683200
37334000
36702200
37192600
49644400
43944000
38488700
36422400
36424700
41568600
41910100
39210400
38821900
39974000
40521800
41549900
42598800
46623100
40243000
39062800
38592900
39201900
38861500
39177400
39076700
37238400
38068600
37288900
39077300
44599800
49879700
41144400
39185900
41719200
39423900
39701200
40652000
38561000
37993900
38177000
38412000
42309300
41626800
37858800
38380800
37059100
43477500
39073300
37970000
41926400
38292400
39753000
38776400
38644100
45282200
38863200
38575700
38583000
36679300
37394700
36682000
37107400
37797500
38461800
38379800
37211200
36539200
41636700
38761900
36775800
39579900
41930900
38401700
37297700
38652100
38099000
38979900
39652400
37312000
37103600
40494000
43960700
38270700
36424500
36493200
37805300
36779400
36246800
36126400
36485700
36436800
40053800
37739900
41633300
41290500
37437800
39154500
39519200
40198000
39735600
37042600
38858800
39949800
38290300
38427400
38524200
45404400
40861300
40779000
39526700
39486800
43819400
40728300
39000700
37816000
37746600
38694100
38465400
41530100
47908200
38756800
39452500
39290800
39372000
40277200
39000700
38747300
37761300
36796000
38175100
38531900
46145800
42733400
40570600
38832400
37847000
38811700
38028300
39592800
39124700
37152700
36918700
36913500
37733100
44022600
37612400
36439000
37658200
36767100
36688300
37145600
41446300
46818100
44346200
39942800
40042500
42220500
48640000
43836000
40883100
39460800
49035500
49649200
49352700
45547600
40465900
39407000
39651100
46556700
37954500
40541300
39060000
40640500
40830600
40370100
39230900
39425200
41991600
46795400
39324900
45175500
41665600
39309300
38155400
38590600
44205200
39030900
37819100
36480300
36277600
39108700
38080200
37676200
46525400
39173500
38013000
37906200
37568700
41174600
44218700
39117200
37846900
36715200
37236900
37373200
39157000
43753100
38907700
37423700
36156700
36956100
40344800
38078200
37955100
38484800
37282200
44327400
39638000
42033000
43472700
36355100
37538700
37071300
36732000
38027300
38960500
37270100
36073000
36552500
37085400
42007600
55095200
44305000
39432900
38115600
38821700
38762600
37974600
38311600
38853700
36930600
37040000
37059400
36467500
42783200
38908700
36442000
36281200
36140000
36265900
37140800
36203300
39033500
38993300
40085000
39678100
38956100
43627400
39986700
44120300
41748600
37671700
37443800
37006800
37122100
36532900
36567700
36331000
36905500
38763100
47908500
39957700
42381700
39943500
41957500
40452700
38983100
42251700
40011500
40516100
41196200
38353500
42112300
45194900
42420000
40636700
39033700
39699700
39057800
37557900
37502600
38723100
41435800
40509500
40842500
47685300
39188700
41636300
40966800
41823500
39395100
39202300
40864000
38169500
62711000
198770200
64399500
48599200
40803900
39811100
38945900
39486600
41622100
46499900
53365900
42740300
40730300
40986700
40404000
40605100
40147800
38699700
38355800
38163500
38973400
38414300
44775100
43208000
40220800
52810400
44649400
65256200
65847400
87842400
111702300
128629300
45238100
43664100
43094600
44025400
45254300
50773200
45614500
50930400
54944800
47635000
52421900
47187400
47836300
50483700
47687200
45733600
47956800
62335600
122094200
67990000
60827300
103716700
80075300
58482700
53545500
55938500
57255600
95167900
72624500
250875400
155316800
62938400
57395200
60613500
54416300
51567100
54886900
45089700
53528000
61057100
65133200
70488900
91978400
213896200
296461900
184976900
46223500
44705600
52031600
47172600
48913700
51598300
45991100
53417300
53804200
45164400
48488700
44835700
52154400
44687000
44345500
47122800
40541700
43831700
52152600
46794900
45467700
39806900
42724500
47552200
45637800
38675200
39790900
43174700
38673500
43865400
40316200
37608600
44475000
42691000
44542500
43014900
43014800
46262100
43035900
41721600
44889600
46725700
43891400
45829800
45150100
45483500
41865100
44093900
53676600
47259200
50644100
56664900
48913300
45076700
46717800
43174600
43513300
47078100
43091300
46769700
49993700
46582400
53362300
53777700
50817900
46093100
47447100
50409200
45034500
43451900
46257900
50649000
49478700
55440200
49318600
44992500
48601300
45469600
45444800
46721800
42868400
40890500
41515400
49212800
53719400
44660700
41757100
43072000
42315800
43573900
38121500
40488200
37675400
37000100
37163500
43699100
48997300
43792600
40248900
46864700
46399700
43072200
43131200
42367800
47166500
40813400
44776200
56715700
44761200
43055800
43452300
38817400
41927800
40238000
41570700
40034800
38961200
38057100
42644900
76069400
129368500
84410700
150140600
93053300
73486700
67199700
58833800
44902000
44769900
45924800
47195300
95952700
87329400
67897300
86990300
92508600
83476000
52966900
77451000
126380900
201392100
214866300
165867900
76200800
50315200
48534100
72011900
154396800
132321300
84628400
58443600
56222200
77212000
110026300
94568200
92730700
67938900
66709800
96516300
174577700
119660200
98183400
48335500
154694500
54453700
43075100
47734100
53311700
42242100
42158400
47854300
145486000
174643200
178892100
87380200
83226200
75784900
72498400
52091800
49344400
46641600
43391600
50513600
70972100
87696000
50793900
63097100
59911700
53936300
48295300
41227700
44476300
60290300
54665100
47673400
47371200
45345900
47420900
64283500
59500500
42280100
60997300
54937400
42540900
39859100
44786800
42887000
42979700
47062600
45093000
47036300
50166700
50811500
51211600
46823200
47370800
39582400
41890500
38640500
41959600
45556200
44327000
50729700
75607700
119051900
66847200
55540200
56067100
51175100
48187300
48324500
52503400
48653900
67554600
86416600
48400200
50452900
49889000
52537800
67210500
68817600
