31406500
29115900
25985500
26251100
25348700
27150700
27114100
25007100
26356400
25265400
27261600
25611100
24889200
24766900
36363900
27526600
25605500
25758600
24285200
24192500
24861300
23877700
24169600
23947400
24210200
24027600
24975600
23944200
25374100
24484800
27055700
24582000
25842900
27901600
32439900
29007700
27643200
26307500
26355700
44713000
47522800
34037000
30351600
28904600
29400100
29944000
30661300
30774900
30503400
31987100
31031400
25795000
26301700
25642500
24380100
25293100
29888400
30064600
26743800
26905200
26767300
24849400
25729200
24656500
25224300
32136800
51063600
52874400
32554600
33151700
37369100
33603300
30612200
26314500
24074100
26620500
25008200
26362100
25074200
25685000
24041800
26311500
25534000
27107000
35885400
28459200
25029600
26476600
25880600
30627000
38336400
33748100
37325600
33403800
34019100
28383200
28031100
28994300
33237900
40585300
34907400
30705500
25760000
24608700
30811400
25813800
31949500
28269700
25445900
24572400
25694500
26980200
26696000
25566000
24700900
25822400
26040900
26266100
34390800
27210200
25232800
25118600
25738700
24795000
24334600
24479800
24328400
24268900
24408600
24568400
24738700
24224500
24279500
29381300
30596400
30040800
29461200
42712500
33102000
32313600
33422300
31228700
28419300
31001800
30889900
28410500
29682700
34981200
27790400
33225000
30410900
29738800
31088700
33204800
31641600
31940600
30626100
29578100
34480000
30268900
30318100
30949400
35249100
31270100
31208000
29216600
32368600
29739200
26520400
29344600
28944900
30365000
32028600
29023900
25792900
26188200
25312800
26951000
24684400
24308700
24350800
24277400
24047800
24562700
24253600
25025400
24749000
24791300
27369000
29830800
27109000
32507100
32972800
34388600
34071700
30989000
30387900
35891900
34408900
28525800
28087400
26909800
25872100
26433300
27398800
35466600
33655600
24312200
24925500
24746900
26157200
24239800
25213600
24934100
24655200
23964000
23925700
24170900
24253600
24080900
23792500
23912800
24476700
25052200
27863100
33882300
27192100
24730600
25050300
24951900
26174800
27120900
24745800
26371300
24698300
25471300
24538300
26647800
24398600
24370800
24406400
25396400
24100800
25316500
30279400
26851100
26603300
24854900
31295100
33883100
31685500
31021100
30932800
25416400
26519700
25897200
27934600
29163800
25886700
26106700
25865200
27178500
32211600
26374600
25471900
26822300
26843600
25542800
24436600
24252500
24156100
26248700
25053100
26916800
25510200
24681600
24318600
24027700
23797500
24475500
24433000
29322400
28168100
25264100
24484400
27656300
25264700
26504700
25353000
26088500
25288200
26270800
25636300
28324400
27102000
25123800
26984100
26208400
26122600
25060400
28962300
28391800
25193200
24923400
24849900
25156600
24867900
24562700
24513300
25831900
24892200
24758500
24728200
26212800
25501000
25185600
27144000
24852400
25726300
25618400
35633600
29154000
27293100
24985400
27719200
27832200
24922900
26758600
25631200
24543100
24482500
24600200
24593800
24985800
24331200
24663400
24137800
24286500
24002900
28421100
29080100
25836500
25183300
26488200
31896300
27470700
25085800
28068200
24613400
25849800
24994000
25208400
24683500
25406300
27696700
31688600
28078800
29871000
33101900
25545900
24977600
24365500
26064600
26734600
24278200
24275600
24727800
24230600
24942700
24351900
24230500
24360200
24130800
23904300
24930400
24174300
26323800
28553500
33103600
25990400
26159800
25149700
29006600
51940100
41533700
29000100
30360600
34636100
33001900
27507800
25760400
24536600
24276000
27128000
31019700
26756800
24542700
23757900
24549400
24046700
26140100
27136500
25398900
24873800
24586100
24633000
30640600
26876300
26577900
26508100
24379500
25872800
25381900
30870400
29240800
25087400
25361600
25307700
27788700
27741200
27704000
26208400
25198000
24542500
24590600
24707200
25706800
24604500
23880200
24898700
23897700
25958400
28888200
27198100
30859700
27570000
25096100
30654200
29231400
25205100
25694100
25070600
26051800
29208100
28293800
30036400
28291800
26405900
25716100
27491500
27406700
29949100
30388000
31487200
31423300
31180900
32670200
31127300
29252400
25283700
25771300
24597300
23784000
24293500
25618600
27791100
25588800
26988200
29163900
29987100
24887800
25158100
24732300
25913500
24725100
25400000
24502200
26960400
24262000
24361200
24283900
24327700
25583800
24421600
24684900
25609000
24807100
23800300
28989800
28604900
24553500
24086800
24243200
24161600
24088500
23903100
25700000
26098000
24678600
25177600
24665200
25210600
24661400
26439100
25395600
26091700
26638300
27381900
31172200
30891900
25814900
23987300
25265600
25329900
25532600
24020500
24391700
24282200
24006400
23654500
24987800
23789100
24799400
24294100
24252400
23976000
24501100
27557800
33745600
26700200
25554200
25978100
25143700
26686300
24490800
26016000
27610500
30441800
29666200
24962400
26483300
25110800
24107700
29126500
30637100
26642300
29512900
29844100
27748100
25001600
24090100
23974400
23925000
24360800
23847800
24921700
24180500
23964800
26656200
25608200
24423000
25775200
24429800
26104200
24758400
25952600
28336100
36352600
33286400
32800900
32972500
31774000
31971300
28236500
26419500
25478700
24775100
24959700
24659200
25274800
26274300
24783800
25857000
24540600
31244000
27196100
26110900
28039900
26511400
25107300
26324200
25678000
26135800
24891100
25295900
24395200
26117400
24654100
25502500
24356100
26861000
24196100
24604500
28692600
28209100
30448500
28232700
24988700
25698000
24581700
25942100
24532900
25930400
24236100
24202500
24482500
24533500
24623100
25085800
26594200
27498600
27409400
27579900
31710800
26336800
24883500
26043900
25902300
25921900
25235200
26454700
24852900
24842700
24369300
24286900
25279400
25339100
24783000
24339900
24058400
24425400
23773000
29484300
28333800
24248000
23978000
23826400
24073800
24110800
23891600
27662400
25235300
29653200
28557000
25166700
25724800
27786800
24670600
28658800
33999500
28405800
33876900
27612300
30910600
26023000
24372100
24577300
24761400
25379200
24426700
24049700
25119600
23769000
25606700
25641600
24563200
23792200
24486800
23939900
24489100
30700100
34918600
32220500
32987600
31846900
31271500
27175300
27155800
26581400
28877700
26557500
28508100
24518100
26322200
29196100
24618500
25969400
24234600
29631800
27535000
24374700
24057600
23882800
23977900
24346000
23894400
24721000
23876900
24292300
23999900
26670600
25128900
25885400
24668200
25360600
24744500
25140400
24741700
31832300
28278900
24336100
25860900
25296400
24523400
24484800
24459700
24003000
24863600
24483700
24479000
24394500
23940700
24342900
23769200
24759600
23932000
25216100
24701100
29058400
27756900
23853400
24802600
26040400
25703400
24883200
25270800
24793900
25401400
24670000
25672000
24611800
25689700
24382000
26216700
25417200
25003700
24020300
25787400
31694200
24569300
24526900
23924000
24783900
24076900
23865600
24286000
28017400
25941700
26126800
23760100
24924500
25139900
24791600
25991300
25462300
26017000
25520500
28775700
30736100
25753800
24348100
25831400
25578000
26391000
25839300
26074800
24768300
24375000
24530900
24754300
24749200
24501500
24254700
24232100
25163500
24300000
23829700
29292700
26996600
24291800
23935300
24241700
24542900
24740600
24831400
26969400
26151600
25336200
25786400
24679400
25440000
24883400
25612600
24989100
25963200
26578700
26505800
31151200
30934900
25270300
24687500
24587300
24733300
25233500
25185500
24482300
24544400
24392200
25669600
25256600
24684800
24435800
23759100
24401000
25062500
24705600
32032900
28940400
25302000
25351800
29521600
26506200
26431900
26453000
26875600
27142700
25957300
25649200
26220600
25344700
24804300
24247800
24448700
25598200
32073000
32710400
31159200
31193700
28184600
27664200
29200000
32210800
28185600
27294200
27227800
44734900
33449300
32262400
28283400
31204600
27675000
36174100
36205300
35843200
27356500
28805400
26719600
31911300
25957800
24881000
24401400
26103400
25834500
25239200
24844600
24049300
25429700
27555000
25005400
28618000
28001600
24037000
24024100
27477300
26514800
27158800
25049800
25888000
26302300
26799000
26087500
25707800
24453800
25922200
25341500
27302400
26129400
25310700
28075200
37301600
33425100
31735500
31506300
32204600
31520700
32343600
32478000
32340600
26500300
27249000
26842600
29862600
30806700
32479500
27541700
32478500
25182800
26496200
25530700
26257100
24823300
25178600
25403600
26323200
25170100
25071100
25326700
24933000
24812400
24891900
24790100
25097100
25066000
24691700
28324400
27625000
24324500
23860800
24548000
24041500
25298100
26499500
29318300
27107800
25955200
27845400
25491600
25847000
24850900
25184000
28619600
25604600
28134800
34341200
29909200
24807000
24471000
24007800
24641100
24489200
27589400
25431500
25665900
24219500
24432100
24000600
24526000
24318300
24039300
24008100
23992200
23906400
23824400
33958900
30083200
27192600
25810500
26043900
25537500
26198700
26129700
25621800
26925500
25830700
26883900
24672300
24121700
25643100
26105800
25815100
26446900
27118000
30264400
31206000
26712600
24409200
25634300
24951100
24563400
24169600
24138100
24112600
24770800
26403500
25583200
25780900
25410200
25343300
24776100
25482200
24882600
29588400
30992400
26069600
25245400
25792300
24875200
24565200
31451200
35623400
35163600
30771900
29923300
23923400
23716300
24275800
23735900
25950800
23944300
28779200
30193800
24817600
26454200
27165400
25609500
24923700
25308600
24723800
25596600
24657300
25386900
25354100
25316000
24449200
25722200
25371300
24871800
24352200
24522200
29274400
27167300
24803700
25463000
25882200
23888300
24496900
24029400
24650700
25089400
26079700
25166000
28111200
24117500
26071200
24829500
29128800
27105800
26669400
27868500
31158700
33509900
26293700
26079400
26302200
28179100
25875000
29241400
24133700
24754700
25975200
25975600
25207100
24675100
25933300
27603000
25647400
24959000
28788400
28268000
23958200
24185100
23911500
24528900
24434900
24275700
26658100
24909700
25734300
24771600
25268100
24419400
25650100
24567600
25928600
25978200
29635100
27387600
33762300
24547900
24503000
24278300
24493100
24500800
24378600
26638100
26809400
25971800
25306700
25189400
24204100
24075600
23973100
23793000
24811400
24099300
24529900
27410400
33964100
26390500
24681700
25827700
24995400
26191700
24672000
26857500
27504300
29255200
27664600
29047500
26304200
25745600
24214500
25988400
25345500
27090400
29799800
27850900
26471500
25870600
25186100
24936300
25151100
24533200
24180200
23989900
24069200
25419700
27726300
26251300
25770000
27673600
26564800
26001500
25357300
29678000
34276800
25590700
25286600
25107900
29144500
25928200
26202500
26103900
26042400
25344200
26240700
26057700
25680800
24855900
23961700
24066300
24590800
25150500
25911300
28675700
27221600
24029700
23826600
26574900
25698700
24955500
25595900
24521400
25472100
25220100
25450700
25375400
27269100
25950200
26736600
26723300
24235800
24515900
28873900
27662000
24498500
24918300
24829100
26141300
25924100
25681100
25158600
24384100
24626000
23974500
24246400
23819600
24282200
23879800
24565100
26560100
25100800
27104900
32760100
28656400
25131500
25321500
26619800
27196700
26872900
25175900
26428600
24311500
24655100
24045200
24510700
24039000
24508200
24332800
24449100
24373000
23950400
26299400
33478800
30117200
30180300
27658500
28259900
26464500
26060200
31614100
29418500
29309300
29470600
28935300
27752100
27868400
28438100
29116200
27170300
33886200
35036200
27265200
27328300
28879500
27286100
26903300
27829600
28988700
29389300
27911100
28096900
27487200
28968500
29210000
28515200
28637000
28850700
39683900
29839100
27947800
27358900
29452700
28795900
28205100
28913100
28896700
29867000
28582900
27107500
28480900
28116000
28573600
27345600
29332000
35848400
31861000
30802700
28534600
30245900
29335500
28722600
27656300
27743400
28238000
31220600
29660500
30089200
32860300
36581200
36443300
40132400
37535900
37788700
33938600
30394100
32741900
28124900
26468700
25941100
24929700
27730700
26710800
24965700
24450600
24047100
27545200
27207300
25330300
27214100
28374000
26489700
24379500
29804300
28060900
25578900
26056700
24483000
25628800
24419600
25441100
25160400
25200300
25453500
26635500
25133400
25287500
24322900
25683600
30562000
25525700
25033400
24168500
24926600
25625400
29360200
28548100
25251400
26578600
25235200
27629500
29010700
25172500
26425200
27588400
25952000
25346500
26380200
31360400
25835400
24682400
25861100
25030500
25484100
24386700
26495500
24756900
24642200
24200100
25112700
25659500
24639900
25833900
26543400
25494800
24822300
23747900
28673200
28293000
23902500
23940600
24329400
23902200
24161000
24178000
33562800
38528500
36071600
34442300
33072100
32908400
38462100
36244100
32106200
39678600
32573900
25449900
26028600
24425300
25343500
24146600
24556000
24871800
24461200
23754400
24504900
23969700
24519600
23913900
24388000
26093700
24824900
24001500
27965300
31008200
26540000
26744700
24518300
25717400
24441300
25338100
25037500
25738700
24563400
25152500
25764800
25117000
24030900
24595500
24025000
25754100
25331000
26358200
28374700
28079900
24485400
23801600
24031600
24222300
23811900
24533000
23824000
24755400
24053200
24438300
26224300
25433500
24555300
25425000
24395300
26077300
24674000
26369000
30952200
29614500
24931800
25494700
25651300
24299400
24142200
24743400
24501300
27367500
29707800
27900200
24354600
26304800
23878400
24329000
29167500
32846200
26085600
28638400
28704300
28485100
30521400
25479400
25704800
27582500
26473800
24747100
25820100
24634100
25837600
24969400
25278400
25321800
26239000
30812900
32425300
32911400
35064200
32240100
31568400
30084500
27107500
25364800
26227100
28137300
26624400
24864000
25879000
25114000
24411600
28892200
27642200
26227700
25163900
26995800
31516700
25572300
25010100
25809500
25381300
25306400
24881800
26214900
25373400
25407200
24668700
24048100
24568700
24016300
24410500
24451200
24625100
24214300
23857900
28027700
30541300
25107200
30667200
26870100
24900400
27133700
30312500
27933400
25469800
25113900
25463300
28125900
27339900
28755400
32289200
28544500
26511600
30829500
33182300
32710200
26105100
25008100
24740900
24069800
25525800
25714900
26576300
25071200
24347300
23969800
24255100
23827900
25069500
24637500
24007200
23871700
29129600
31620300
25426300
25619000
24382300
25356500
28298200
28129600
26195100
28282000
30436800
28307500
24483400
25927500
24460400
24399800
26530300
32413800
28064500
32749000
32070000
31652100
30528200
25411900
25255700
24591900
25292000
24322800
23960800
26185700
25931600
24604900
25429600
24714500
25349000
25598800
32667400
30152400
32502400
30234500
25717100
30320600
27583800
25256600
26111100
25201900
25160000
25772700
24876200
24039400
24646900
23947500
24652700
25796900
24816400
24004400
24967900
27281200
30654800
23846800
27552400
25916700
24901600
27442500
31062600
26115300
26773400
25414900
25166000
25006400
24765200
25281800
29674500
32342500
31783900
34282500
33676900
26080000
25285300
25461500
25292500
25529300
25096800
26738100
24185500
25104800
24087800
23884900
24035900
23951700
27223500
27284900
25182300
24952500
29616600
28867800
24962400
25163300
25361800
25410200
24726000
25482900
26368600
26167600
25130600
24547400
24298600
24291400
24153000
24454200
24732200
24419100
23776500
23682600
28304300
30178800
25203900
24066400
24009300
23882800
23889400
24034100
26447200
26118000
27015400
26032400
25644100
24543500
25532300
24768900
27019200
24982600
25097800
25842200
32465200
25809100
24529400
24933800
25299100
24287600
24456000
24733900
24047300
24670700
24463700
25162200
24613000
24657900
24053500
24431100
24115000
24187600
23900300
25482000
32767600
27232600
24640200
26567000
28508900
25762300
26251800
24936600
28938900
28627700
26282300
27433900
24609400
26227200
27108800
27272300
28552900
25852300
28522600
28315900
24057700
23967900
24176000
25054200
23961700
24004100
27563700
26706300
25302400
24039300
26417300
25056400
25192300
24776700
26737200
26401400
28272300
27535100
32172200
30802600
29518700
27938700
24957700
24649000
27550500
26983000
25740500
27210000
27289000
25208200
24701000
24211000
24197000
26717300
28325300
25310900
36852600
34808200
26539300
34933000
27987500
26742600
25746300
25717000
27553000
27190900
27789400
25205600
25978500
25924800
27790600
28864100
24987600
25862700
33860800
32350000
27149700
25240100
24787000
24683100
24453100
30633400
27767800
25234200
24295000
26224300
28113500
29359000
25464600
28514600
29429400
27978100
29489600
29756500
25429100
24885300
26194700
24762400
25029100
24553100
26716300
24843700
24159800
24190600
24439700
25016400
24630000
24016900
24640500
24582600
24099700
24261900
31196300
29319100
24160400
23772700
24257500
23771100
23993200
23839100
27593600
34969100
31569700
28983500
24952600
25688100
24794500
26195000
27418200
25642500
25729400
33914000
27403100
24415600
24193000
24578500
24490300
24199900
24425500
24476000
24204300
23927400
24200600
24294000
24380100
24217700
23805100
24676400
23868200
24078500
25998700
35709700
30371100
24595700
26401800
24881400
27152200
26235000
29272700
27338700
25238100
25557400
25996000
24824100
24385100
24319700
24048400
25874800
24116900
24569000
29663000
27034200
24550400
23877400
25093200
23899600
26934800
26633300
24981900
24483000
24360700
24267000
26986200
24457500
25542100
25704300
25277600
24704800
25147700
26099000
32101100
30146300
28091200
29043000
24361700
24498400
24154000
27208300
26505700
25926100
24765700
24550200
24039300
23961300
24038200
23926600
25881100
24305900
23830700
29272100
26172600
24134300
23806700
27074500
24851100
25180700
26537300
28751400
26684100
24984200
25981900
25361800
28516600
28269200
25784000
25800300
24184900
24439500
27703300
28798300
24535700
24239900
24195600
24526900
23916900
23979100
24561600
24794700
24105900
24179300
23940200
23999000
24111200
26884000
28284200
27374700
25368800
25018400
30330500
29072700
24584900
25391700
27443300
29544800
26523300
25140300
26413100
25663500
28115700
25081500
28678100
