61054300
55804100
56579400
53944900
54126700
53546700
53583100
57572700
62528800
57234800
55089800
59056200
57118100
55505300
56519000
54170800
61794400
60973800
59452300
53701300
54615700
66499700
57512800
55963800
55534700
66075500
62436000
57638300
56346400
54183800
54643100
54314600
53601200
58345300
59969300
53551700
56113800
56797900
55616900
55869000
56203500
56312300
60300500
67114800
68046700
61638500
55556500
54020500
54298900
54063800
57613500
64332900
55994800
56818100
58127700
57411600
57805600
55940500
64571100
65518500
67494000
57494400
57157400
56856200
63911200
59042800
59089500
66840200
64692000
60667400
56508800
56826200
55924400
54893000
56508500
55240900
64684300
57449300
58447500
57546700
58364900
57644800
60097000
58870100
58348500
63278000
55919300
53600600
53522300
53851900
54320700
55885900
57251800
62615300
63415900
57458400
58557300
55475500
54928800
54698800
54882600
55138000
62026500
65020900
58743900
62277400
59050500
61958400
70886700
66194400
88667700
60175500
58343700
58254000
59982000
59068300
59789900
61054100
69152300
60495700
61072000
61794100
59848800
57188700
56201200
56911400
58407800
61976100
55619500
55331800
59788100
61635300
56733500
57924100
60614300
67585700
59768700
54165300
55434100
57425200
56568800
54053200
54181300
54361300
63604500
72386800
75891200
71648000
73502700
83016900
80192400
67283900
57386000
54748000
64872000
59837600
60970200
61030500
59672000
65890300
61555200
55944400
58305000
55037700
54407700
54231000
54929400
58250500
57852800
61623000
77394600
77700300
69221600
57375400
58163700
67802700
60385500
58829400
59245500
56332300
58050700
57007400
55361300
61442000
63745600
56268300
57740100
58391000
60063400
55114100
54173900
54249200
60063400
91205600
80716100
81707800
75843200
68071900
109539600
112089600
100585200
73479400
68206300
64864000
59315100
74340600
60171200
55734700
56474700
57482100
56478300
63823700
60974600
64085500
106346700
67427400
64032900
64774600
67629300
64489800
75010400
88036300
87419000
99837200
87820300
80581800
118840000
110255300
104518500
115828900
148368800
88728900
94008500
101312000
117585100
186314200
111843900
88482400
77999000
84653700
133567500
72687900
67369600
66341100
75750000
122760300
94582000
69028800
61879100
55601900
58820600
58008500
72578500
74997200
62665400
60269200
57782700
58313100
59301500
65010100
61388200
60530500
55083300
53262800
54795300
55252700
60038200
58870800
58157100
65942400
62038100
59211300
66567400
63843300
64087900
65333300
66013400
62953600
56980500
54513200
57608000
57720500
57018900
60620200
58355600
58921700
62043300
56263200
54449600
53986400
53782800
54502800
55106800
53426000
56838800
62807700
55492200
61457700
83946000
82591000
67035100
66738400
67840400
62094900
56216600
57841100
67349900
62681500
59184400
60561400
64088400
61003100
55053300
56807700
67129900
63859700
61902400
84910000
221187100
82579000
76191300
79738100
62549000
65387400
64200500
55278200
55886100
56441900
55832500
55325600
86479800
93955100
77702800
69085100
59381200
58268800
58346400
57797600
91939700
305757200
160395100
162086600
100076200
75047200
90893000
78201900
104959600
75288200
71442400
66816800
60444400
62483700
64345800
67467900
66952700
65344100
62512400
63522600
68055700
64734300
71844700
72628400
64719900
61500300
59112300
55409600
55729300
53980000
54202400
60412600
54802100
59572600
58966200
65459900
68194800
69265200
63207600
65325400
58134300
60543900
66350700
60081100
57985100
60360400
60548300
68635600
59329000
62231500
60536200
61559400
59886300
59446700
58161400
62115800
60215200
57957400
57229600
62422200
59693900
59071800
59137900
74622600
78159300
72718800
85227400
63818200
61426800
54993900
53543000
60218700
63622400
55614600
57426300
56621600
56691500
71551400
68768600
83554200
69654100
82263900
56930400
55494200
60402400
57886500
60919500
69011500
56092100
57103100
55184200
54158000
54458600
55375200
56254700
58590400
59732700
53745800
57385900
56848700
56076700
57393500
57365600
56893500
60670900
55505000
54296000
54144500
53909000
54863300
57764800
55660900
56354900
62418200
56789100
56066200
56888600
69341200
68255200
68978700
63204900
63332500
60878400
56393400
61811000
57833500
58251700
56087600
57103100
56412000
68988900
56080200
54644200
54160000
54558300
53781400
55048200
54248300
54164200
62579300
55851800
55922700
56066300
55668900
55993400
57434200
54458300
57568400
59821200
54040200
54118900
53977400
53765300
54469700
60290200
56619000
60497200
60525800
60774100
57318100
55151800
58423800
54782900
54024600
55514600
60074700
55677100
60121100
76453400
70227400
62650000
56250600
57241400
61283200
55514400
54348900
54625700
54089000
54742400
53995700
53584400
56602800
62841700
62556500
59232900
57357500
58302400
54830800
57623900
69907000
58586400
62006900
55802600
54684200
54958000
56279800
56205100
57791200
57876100
63122400
60176100
56072900
55182200
54628100
54130300
55480200
56896900
57988500
64942800
58397100
57396300
57402900
56977900
55925400
56757900
54438500
55397800
63439100
56601000
57936600
56808200
54255800
55690500
58471000
58563100
62753600
66077400
56113200
58029700
54359600
54351100
61110000
69795900
61949200
65409600
58143200
60836600
59123900
57060300
58841600
56465000
59974200
63204900
66519300
63124500
61550500
61971000
56313900
60043400
56612200
65258000
69820300
73288100
70935500
63947100
61270100
57481600
55110300
66188000
69459600
68576300
65838600
65582900
60100600
56342900
57033200
64796700
61438500
57661900
55463900
55381700
55300100
54820000
54818400
54565100
64700800
73743900
58749200
57154700
58027300
59056100
55667000
54230300
61636900
54550600
65502100
69849900
72011600
63039200
55971300
55832500
64066100
57236000
55840400
57183600
54086500
54415200
54782500
53874700
54159300
61516300
54739400
56495200
60971700
57366700
58584900
56419800
55436600
56404100
61968800
54497000
54620000
53915700
54320800
53718900
53710500
53801600
57158900
63588200
56135700
56534200
55825600
56349600
55167500
54319500
54075000
54054200
60513000
54204400
54657500
53388700
55866900
56155600
56283000
55837500
55897400
63217500
57191000
53841900
53964200
54062400
58760500
55657300
54042200
63050700
70384700
69553600
62945600
65558900
65344600
69638500
64272900
71705400
67531700
57909200
56588000
57466000
58533100
59690700
56866800
60909300
59729100
60015200
66814600
61501100
62229900
59428500
54012600
54165300
67293500
60203400
57792000
66594400
66434900
64220400
67704200
71085500
75285300
66380300
56444500
56820800
63243400
76239700
67764400
70023100
60060600
57831100
57634700
58162900
57263800
55397700
54453400
54567000
59382500
53535300
53852200
53960200
56851400
58455000
59325100
61262200
63966700
65537900
57173800
54535400
54884500
56232200
54724600
54162700
53917700
61710500
59090300
56210900
55800000
56702000
58818600
58915100
59007800
55604400
62537000
54735400
53369900
56027900
58094800
58267200
58069300
57504100
57463900
63227200
57247500
60320200
56836700
55386800
57132000
57603000
57314000
63308600
60604200
59132700
61456900
59286100
60698300
58705400
59036500
59983100
59857800
54661200
61458200
61357800
65215000
58916100
57857900
57188300
63470800
56803400
56851200
56394100
57860300
66786300
68554100
61557700
74294500
64542400
54135800
54165900
56747000
60792000
63311300
64883500
69641100
61198700
54095100
54678400
54304800
57426600
54412400
54891000
54290100
59866100
65692700
55007800
55917200
56383800
61170800
73062500
69138600
76395100
77168200
64691400
73398100
64857700
60522300
65249000
61083500
67470300
55872200
56149700
68176100
73905000
78167400
72755300
65765000
66458600
66242400
70352900
105034200
78464200
62846900
65792500
57630500
56828300
53656200
56349600
56028200
53996000
55085600
62119700
60852200
57832900
70130500
68503900
75766700
67267200
65150800
61841800
62229700
61428600
56225900
57712300
85860100
93720100
64588200
63916400
60116200
61430400
56912300
55248700
55761000
55447800
57103300
70070600
63692900
59080200
57498900
56437800
58122400
60256400
61621300
63218700
56161800
56783500
56582100
56840500
57408000
57325400
57654200
56795900
65678200
58747500
60321700
55467600
54672800
54202500
54473400
54577100
62416400
63268000
55107700
57289400
55056300
55361600
57651900
56715300
59101000
58657400
60869300
55514400
54671700
53744200
54170300
55222800
54385300
56875100
62769200
57205600
56353800
55859100
55524300
57293600
54628000
54728500
54741400
59849400
54001700
53787200
54156500
56300100
56322100
55431900
55228600
59914000
66369400
58802200
54712300
54691900
54049700
55809400
54742800
53734500
53717800
60787000
71644600
70088400
74136700
57203300
57168100
54404000
54270000
61519800
54422400
53122800
56926100
53914500
54980200
57715700
56135400
56691400
65440100
59323300
61721700
54981700
62212000
68074900
57511300
57072300
64716400
58631100
57894400
58207900
58771100
57729400
59022800
58476200
68298600
61946500
56307600
55464400
54339100
53742400
53949700
55751300
60096600
64274100
61027300
58668700
60112200
61937500
65378900
64896600
62558600
64408600
65882600
61449500
62092600
64465100
60816800
64238600
59501500
59145700
67468800
61994400
59747200
57254600
80732000
127222200
68002600
94023600
61058600
60150800
57424500
59075900
55915500
54149900
60163600
61626800
63323700
56808500
61170400
64053200
58621800
57525800
62650700
73501900
62253700
61201500
62756800
68745700
65010800
56953100
58464900
65731200
58097200
81419200
74501100
59393800
56871800
56321700
60571600
62969400
56874900
55941000
54350400
55736700
56491400
54969900
56914300
59637700
62987600
71769600
63280700
61151400
57533200
58297100
69374300
66873800
61140500
54298100
57154200
65040200
60073400
57156800
56245700
58676600
63368700
69846200
59521800
54158600
55631800
54888000
53388900
56510500
83002600
73445200
88945600
69341400
66919300
66310200
62692100
68189400
73798700
65341800
55886600
55192800
54749100
59233200
55954000
57731800
60643200
56986800
56430600
54978700
54982000
54297400
53862000
53702800
55598600
58505100
54257300
56308500
56619800
57410700
57266200
58309900
56866400
57640700
68487200
54127500
58591600
69364300
61745200
54728800
55500500
61312500
68755100
64421100
57050100
61491800
66095900
62548500
63865300
56940200
63969900
57563200
54477700
67967500
71541100
62773300
58472100
56520000
66672100
58117500
55029200
55097400
56099800
57478000
53827900
55341500
58871600
65952800
57479700
57675600
67573600
62668100
59239700
54671500
57387900
66257200
54457900
53497700
53915500
55205100
54950100
58023100
56334800
55593100
65550900
56222700
58032000
56265100
56728600
55154000
54186100
53439300
55404600
61179700
54221200
56821800
55708300
57571800
55897100
57686400
56460900
59343700
58462300
54686700
54571300
53520900
54417300
54612400
53378500
56767500
60995600
60684900
55687900
56897200
56339600
58026300
54312400
54559700
54447700
59568400
56296000
54600400
55874300
77282400
60486800
59125600
62023300
66215100
83768400
68897700
57061500
56151000
54654400
54333400
53525100
56968500
64171800
56359900
56690500
63243700
60809000
66279300
58427000
54231000
61309300
53832100
59270200
56230100
54459700
54330500
57583500
57332400
58297300
64010700
61736800
60728500
54554100
54401400
54284800
54370100
54138200
55484700
65697800
54361100
64810800
84020700
115235000
95331100
95700000
95303300
79764600
81086900
68788000
77833600
152118900
150499900
161593100
130128200
135109700
77955800
65564600
59946800
58331400
57303300
67101100
57889400
54872200
56373300
57403600
55496600
54609900
55297000
59746100
72547000
56901900
59430100
56683800
56663500
56603500
54298700
54018600
62249400
58240800
54719900
54932500
54859200
61370800
77046500
67954100
63519100
61596500
59671700
56426000
55042100
55125700
54933400
53811800
54371900
61347600
55476800
58733500
60148000
57667700
58407200
62431800
73092800
65324400
69471100
60605500
59092800
58064700
70170500
114481900
111241100
72042100
67645700
66048500
55397700
55913700
59636500
55612100
68872800
58918300
113965800
138863900
115439800
129543100
87547700
76372700
65551000
75422200
79495900
100002400
75735200
62418400
63481000
59807900
58569800
61882400
63389900
61258200
60300600
58295500
61966600
68226900
60563300
56454000
58711500
62853000
56845900
57048000
55982800
59903900
57521900
53802100
54451800
60020600
59528600
57044200
57003500
67383700
64149100
63245400
68537500
70660300
69536000
70535800
57981200
58125400
56260000
53767800
60461700
63255500
61613200
61149100
57010100
57007400
61386100
60859700
58238400
55075700
64027500
57101300
58949600
61167500
60998000
59012100
59987200
58195400
137335000
78974400
68311600
67724700
68374200
57679000
55701000
68423900
59536700
58228700
58398000
59664600
58414000
56423000
53927600
61216900
54436700
56023800
53999300
56642300
61634800
58198500
56108600
56595800
66685900
59825000
58831600
55275900
55181100
56638400
54402300
53489000
58229100
61300400
56975000
56988600
58662000
57212700
58997600
56745300
58157800
57813200
68057600
69775900
70849500
65888100
57303100
60077700
59053400
63457900
60685800
56888600
58718400
58059200
55100000
54324800
54326900
53926400
60379200
54653800
57719700
58142600
57358400
57037000
57521100
57578900
59987400
68915400
57005600
57838900
54166500
55160800
56117100
53325300
53629900
62296700
58011400
56640900
55156300
56130000
55896200
57623000
54455900
54634800
61808800
58817100
61407400
59957700
59388700
63083000
60698500
58775000
60587000
64184400
59086200
57499000
58953200
57044300
58400200
58865900
82830800
79641600
70281600
71840400
107845700
118649700
85055000
114792400
64144100
66727900
61769400
66757100
91650800
85927600
80816600
86181100
83468600
69922300
69269300
76799800
76716900
72664000
71721700
70756700
69371300
68753900
75172200
65082000
64155800
69396000
57801800
56641200
54934200
55805400
67293000
72874500
69304700
71837700
65035700
59046300
56814500
57165000
67453800
59248800
57691900
56920500
56047500
62996100
58197400
58216800
67278600
61648800
59256900
56142300
54494700
55840800
54982700
55002100
54985300
64613700
59173800
57633400
57213700
56812100
57447400
57322100
57894100
57908300
65484800
58854800
55761500
59948900
55788500
58357300
60675700
59343000
71636200
59915500
59082400
59599400
54198200
56296100
54863700
56787100
58976000
60508100
57581400
57287800
60248700
59908300
58436700
57174600
57873200
64682800
58452000
55257900
63155800
56813100
56773900
57059300
56713100
60790200
76007700
70916600
60515200
61001600
58907400
57660600
56779300
60697700
57733400
55274100
58559600
54996600
57360300
57985500
57222400
59243700
70724000
63815500
59235900
58022900
59886200
59119200
55522200
55923700
61020900
57262400
56571500
58581200
56972100
58315100
57907800
59278200
55328300
65344000
54559000
57182300
56036500
55066700
56597700
56727300
58052900
66844900
69208300
56734900
71006600
61812300
65752200
58032900
57212000
56678900
65370900
55987000
55420000
59328600
58357800
57154100
56627900
60622300
64213100
57556100
54335200
58188200
55219800
55837200
62779500
54899300
55490600
69025700
56922600
56861700
57747900
57070700
59353100
56617400
56130900
57214000
62704100
56149600
67766800
93118600
83985800
66410000
60131500
74683300
70223600
58179400
64293500
56248400
60748000
57188700
54484100
65322900
59782500
59214500
55974400
58169600
56812500
57815700
56566900
62509200
58545100
55625100
53848400
55342100
54712800
55864800
56797700
57397700
66141900
56106500
59329100
56214600
58380900
54304400
55985300
54447000
55354900
62353900
55076900
55087600
58070900
56216800
56882000
57357400
58001500
57541500
65646700
54880800
102454200
112563600
108475000
143962200
82967200
60294300
62848400
75520700
73593700
70235300
71620300
73782900
70980200
73882900
80750900
76175200
75129600
74565300
70406600
68326100
63436900
59593500
58365300
58377100
56563800
61098200
56175200
57318400
57393800
57436600
57377500
57634500
57989400
61162900
57489300
54800000
54015900
54052200
54700100
54893000
56855600
60146600
68007200
61131700
115196800
92341200
69011500
61811900
58439000
64214700
59065400
58717200
60537900
59385500
56707600
58061600
58281200
64775500
63940700
56498600
56498200
56578800
55978500
57715000
56723600
56046000
69367800
61239500
60460100
56384300
56325600
57014300
60240800
58106900
60939900
57365900
57461700
55163000
53879400
54039700
57451300
56063700
57368800
64103600
56842300
56876500
55214900
54599400
54512800
54271700
53325700
54751100
60577500
61233100
59919000
58867000
55259800
56327600
57116000
56647600
58955600
66806800
54385200
58407200
55839100
54797000
53675600
53997700
57868000
60867600
59455500
57365300
57488700
55629800
64242100
60768400
61558600
56886100
71552400
99991400
91425300
124896000
83289500
98530300
82008000
73187300
61399100
56647900
55023700
58654700
63926900
62603900
58537800
55876900
56266300
57039000
57893800
56725400
54146000
54111000
62308100
59574300
57066600
57599100
56842400
56782900
57636900
57193500
61542900
60199700
57156100
57802000
56705200
54072900
56428800
58745700
54338000
60223500
55518800
54329100
66462400
58540700
56729600
58334600
59017700
59371200
64357600
56654900
56535900
59487700
56870400
58603200
56116000
59067100
65557600
62285100
58945700
59613600
60428600
58154400
56156300
57942500
56758800
63978500
55775100
55831900
55831100
56678500
56348300
56430800
56310600
59395800
64361700
55130000
54318700
54464500
54393800
54148100
54303700
53853700
56905800
59536700
57222200
56692900
55502100
57094300
55158700
56261200
60543600
58451200
62753900
63036400
58417700
54488800
54638600
57163500
56585700
56360100
64113900
62133400
58539200
58138700
54852300
53966200
53967700
53884100
54490000
63075300
53587600
56346700
57231400
57828500
57858900
59650600
74081400
71668500
59061600
57279600
54082400
54439900
55029400
55667200
53580900
58337200
68295800
58241800
56826600
55257400
58489300
56122200
55644200
54566000
56712900
63938100
55332600
54081000
53852800
57438800
56169400
55850400
57884400
59270500
60980400
55799500
55384600
54679800
55244200
53816300
54501000
53784400
58916700
62112600
58671500
57212600
55841700
56438900
58412500
56024700
55250400
64165000
61545500
53430300
