22624000
24430700
22518900
21941400
19153300
20137900
21071400
25814400
23339900
22258400
22250400
21960300
24699300
25004900
23308300
20713800
23368500
22769300
22954900
25333500
24039800
24779100
25006700
27492200
24593800
23909200
19005900
19280800
19056000
18759800
18592700
18640800
21416100
19241800
18375400
19383200
18302900
19685200
19676500
18763400
18418500
18234300
18460900
22673600
27625800
25399000
24715200
26719500
23833700
27597600
25988500
23935700
23846900
23348700
21070800
21901600
18650600
18668200
18533700
20146600
19326000
19822600
19734300
19128200
19109400
20140600
19294800
19832500
19378300
19099800
19470100
23262100
24470500
20148500
18092400
18424200
18308200
18659100
18625500
19171500
18693700
19234900
18567100
18027400
19563100
18501500
18556800
18552100
19600900
19695400
19018800
18464200
19406700
18567000
18899300
18238500
20882800
21997300
23160400
21345000
18776100
19052400
18966400
18822300
19351300
19614500
19756900
19616900
18998400
19199300
19297400
19432400
19864900
18541000
18202400
18764300
19490700
19304000
19614800
19491100
18900200
18217300
18921600
23832000
23919100
19771800
18751600
18867200
18719200
19100600
19855300
19392600
20925000
18662300
19338700
19117600
18317100
23944200
21954800
19477600
19811400
19091300
19205100
19068900
19477300
19121200
18488700
19260300
21952800
24599600
19101700
19124000
18995100
20346600
19660700
18643400
18443000
18212300
18452200
18208000
18106500
18111500
18538600
18459400
18072500
18821700
18414100
19423400
19263200
24807100
19782300
19122300
19293800
18219400
23522900
24078200
19075200
19079100
21737300
20057300
19295500
19185900
18658900
19586700
18597700
19156600
22289600
20770700
21157600
19536700
19104200
18662300
18893900
18653400
25770700
25650800
24238600
23049300
41516500
33844200
21319800
19088200
19101200
17974200
18135900
18264400
18673500
18092700
18646000
21069100
20285300
18248100
18275700
18919900
18912500
20614000
24430300
19430400
20380700
19150800
18911600
18573300
23648200
23380900
19951800
20180500
20641000
19684400
19163600
18960300
19441200
19629900
19035000
19152000
18919100
18453100
18952600
18442500
18231900
18144100
18292000
18303800
18189500
18440500
18083900
18205500
17905700
20168200
24867700
24136700
19202500
18037700
18857900
17886000
18118000
17898000
17960100
23906300
21377400
19873900
19470700
18749000
19594400
19109300
19008800
18907200
19056600
20010500
22320000
20304600
19783300
18777100
19105900
25237900
23165700
20494900
22066600
25381900
24388700
23106700
18545400
20063800
18574300
18303100
19049800
17861700
18754500
25246200
28452700
31257800
34617000
28641200
22343000
24008400
30054000
29977700
31131700
26215200
22746200
18864500
18736900
19835900
23806000
20608200
20442000
19511800
19274100
19178800
20133200
19410600
22623000
19989000
20252500
24517300
25990100
25885100
26360000
27517600
28466900
24070100
20286200
18125900
17955800
19984600
20679100
19425700
18930500
20405800
18787400
18542100
21465500
18702900
23214300
22339700
19038200
19111600
18727200
24432400
19934300
19408400
22661800
24855200
21320200
19613100
19793700
20359100
19268500
18450800
18519200
18822600
18683700
18452400
18685300
18425600
18341000
18432700
18891400
19965900
21244900
18364000
18445000
19760200
22635800
21843200
20039700
18969000
24089300
25451400
24486200
23433100
21121000
19790300
19958500
19406300
20057100
18826400
19499500
20635000
19257800
18586300
19754300
20786200
19585900
21822500
19997000
19722500
19133900
19470100
20222300
18838100
20650200
20816500
23573300
22722900
19069000
18980400
18733800
18804900
18606800
20716000
17986500
17932600
17932300
18140400
23063300
23902600
21102000
19277200
19060800
18484000
21152000
19027600
18735900
18651800
19677600
19785400
23794600
23800100
20185800
21795000
24075600
21221000
19440900
19993800
19138200
20328900
18237100
20200600
18253900
21501800
23455400
26411600
21714300
19093900
18168200
18794500
30217000
23343700
24769700
27362300
24912700
23241400
20831600
18263600
17940000
24153500
20505900
22524900
19325000
19085600
18835500
19447400
18856300
19644500
18951800
19323100
18866100
18810600
20011900
19287400
18795200
19274700
18929000
21723000
23746800
21508400
18158700
18709900
18414000
18254700
18503700
18359600
18254600
20944100
22469200
29770400
35381500
25110300
20940100
19800700
31738400
33779400
19897800
19414800
19981000
22726600
24395500
22385900
20318000
21693500
23703600
25375900
22387700
19474100
20515900
19683600
24278900
21545400
20978800
21554200
19182300
18183100
18678600
18798400
18614700
18723000
19029400
18394500
18411200
18200200
22759200
31007200
22251700
26372700
27789900
23611700
27104500
23480400
19764800
22014300
21063600
18576400
23660300
21301900
19407700
21500000
20866600
21601000
19759400
19421500
19849500
20993500
25319500
24315600
21017700
18742200
18722900
19798100
18907600
18357000
18203500
18479000
18247900
18294100
18119400
18207800
18217800
18504600
18056400
18332100
18266500
17995100
17895100
18182200
18242600
17916700
17987100
17962000
18207600
25206300
23961800
18468600
18529400
20971500
19023200
18570200
18561300
18764900
18699100
18783600
20573600
19178300
18661000
19083700
18887500
18750300
18533600
19192200
19500900
19646000
21076900
24924700
19764300
19430400
22704100
23074900
21479600
18924000
18864300
18361900
18236100
18169300
18032300
18046500
17981100
18083600
18073100
17885600
17958400
18102400
19059100
18200600
18165300
17961200
19486400
19590200
18846200
18697400
18665500
19015800
20605900
23881700
22293500
19595100
18960800
20362900
19703200
18894900
18696300
19494400
19690800
20257600
18713200
18387400
18260600
18265100
18306700
18416000
18261900
18543200
18667900
18156800
18356700
18377200
18036100
17874500
18597300
22107300
21776600
19802300
18262400
20222900
21122100
18841900
18818300
18024900
24835500
21505400
19563900
19860700
21943600
20213400
21133800
19922100
21044500
23698100
20088600
19921900
19571800
19435000
19610000
23259400
23811200
19056500
18366000
18521200
18522700
18789800
18224100
18189200
18517100
21375300
21484800
20083600
18895300
19961800
20890100
19547200
21229400
19017900
19377600
18219200
18511100
18239500
18305600
18348800
21227000
21193600
21307900
23814500
23907500
18734400
18625700
19336200
18917600
18624600
19653600
18863100
18645300
18830900
19512900
19460900
20012400
18784500
20965000
20847300
26340200
25184400
24789400
24397800
25487000
31494600
23947800
19150300
18802000
17961600
18787000
18211800
17985300
17926000
17889800
19136700
18100500
17902600
19278800
23675600
21095000
20323400
19315100
22285500
20832800
20788800
19083900
21965700
21108900
25098400
25469700
22620500
18635800
19111900
19637300
18775100
18297400
18822900
18142200
18241100
18422000
18194300
18159200
18692500
18044900
18423700
18826200
17976100
17878300
18466200
18187500
17893300
17934900
17921200
18459500
19613800
25018500
23143500
19764100
23146300
19552400
19458700
21060600
24433500
19813100
19206200
20690800
21995000
21167700
20373000
19949200
19512600
18801900
18656200
18917600
18814900
18778900
18186700
18511000
18128300
19798900
20092300
22384700
25741700
21819800
19005800
19024500
18214300
18099900
17924200
17832400
18637500
20998700
20405200
19361700
18550600
21009600
20290800
20541900
21221100
21095400
19364600
18557400
18781300
19724100
18653800
19795700
23904600
23889700
21774000
21412000
20377200
19351900
18746900
22488200
22689300
21266700
18570000
18320700
18363700
18160800
18217200
18220700
18665900
18148800
18324900
18614000
18000500
18072300
17892500
18372900
17893400
22356900
22621000
19160700
17960000
18744500
18171800
18052600
18386900
19339000
19281400
20491600
19538000
22716900
21413000
19392200
19599600
19211000
22178800
21136300
20049200
21049600
21162100
20808700
19568100
20878800
22745200
23361900
18229200
18934500
18056300
18333700
18376300
21066400
20460000
19066500
20655200
18763500
19785300
19009100
20396900
18938400
21729900
20823400
19143900
18868500
19676100
18201700
18014300
18861800
20030900
20271800
24649200
25371300
21410500
19975200
19508400
18834500
18504500
19005600
19090600
19578400
18777000
18903000
18872400
19967200
19056200
18680100
18316400
18197500
19034000
18033900
18635400
18729900
18222100
18465600
18181400
20800600
23671200
21281700
21131900
20095600
20188900
18867700
18144300
18395700
18019500
19107100
21326100
20351600
22139200
20770300
19756500
19021400
20721200
20320800
20104200
20103200
19402600
18651700
19033600
20284900
21000700
24860700
23654300
21047700
19910400
18414600
18168200
18440800
18388200
18218700
18213000
18179100
18356600
18303100
18178100
18527900
19712100
21295100
20670800
19182300
19559300
20663900
20142900
19244600
18923300
17967900
22808200
21713500
18502600
20817000
18343500
19107500
19424600
18899200
18757200
18938400
19955500
18858100
18972400
19292600
19198200
18851000
18690700
18757200
18869500
18699400
20844900
18164900
22908600
21084600
20697100
22366600
23667600
21059400
18604800
18381400
18251900
18302800
18214300
17970500
18275500
18057400
17900400
18010400
17942500
18154000
18604700
18428300
18000700
17916400
18901300
20258800
19057500
18571300
18859200
18614000
19083600
19112300
25653000
23724900
19477700
19935500
19638900
18631200
19079200
18911500
18574800
21470900
19139200
18242900
18155200
18288300
18302300
18103600
18600800
19438400
18344500
18804700
18647000
18105000
18159700
17934200
17820800
17953100
22643000
23209600
24583100
21479600
17926600
18004600
18106600
17880500
18157100
22348200
19041400
18931400
18782600
18838900
18842200
18822800
20026600
20266200
19226100
19014300
19179200
18696400
19964000
18846500
19029400
22391100
24330700
20904000
19209500
19031600
18391600
18187300
18665900
18218500
18670000
19628200
18281500
18146200
17897400
18035900
18302700
18293200
18087900
18792800
17968500
17937200
18536000
17864700
17872100
17823500
18231700
20471300
23530000
24127900
20949200
19248000
19662700
19224500
18794800
20424800
21483200
20700600
19251700
18878900
18743700
19826500
19937500
18770300
18435800
18365900
18112000
18253600
21899400
20724500
19037900
19189600
18210700
21950400
25261600
23840200
18991900
18353800
18638200
18432200
18103200
17870900
19341200
23165800
19172700
18895200
18212800
20779000
18665900
19242300
18911900
19092600
18591000
19194600
18647000
18630800
19265800
22433800
22157300
25918600
23704600
18764400
19444200
20163100
18291400
18109800
18434500
18269100
18242500
18261000
18151500
18377700
18644100
18573000
18298100
18746800
19424300
20376700
20458500
19751800
18689300
18128700
18339400
17941900
18949300
22467000
20826000
17897100
20548900
18839900
18942700
18975700
18735300
19027300
18523700
20087800
18522700
18644900
19273000
19341300
18685000
18798300
18675500
18505500
18936900
21591700
19355900
19219100
20009000
29048900
31513100
37564400
24754100
24603700
24303700
28740600
28054200
25751500
23622300
21047300
20340700
19766500
18454800
18754900
17999100
18045700
20006400
18540300
18795300
19418900
18805500
18565800
20899900
26802900
24451500
19513400
20763000
18868600
18787300
18826800
19475400
18646300
21069000
19561100
18464500
18280600
18218000
18295400
21402200
22172800
19409800
19013800
18777100
18240400
18340200
17861600
18022700
18775900
23031500
23256500
18104600
17973700
18582900
18169200
18090300
18077100
17975700
20330300
18248400
19819900
18688300
19901400
20699300
20676800
21350700
19210400
18664800
18572500
19571300
18881400
19479100
18671700
19093900
21129900
23357200
23967200
20258900
20115500
19457400
18906800
18214500
21139200
20253800
20767100
23907400
19124400
18821900
18313200
17988000
18646600
18464200
17837500
17985500
18456800
18063800
17847300
17995300
18106500
20069800
22371600
26701800
24568200
19972000
19498500
18718200
18676300
19455700
18854500
19661700
18694000
19210400
18658000
21642000
23002200
20439300
19308000
19397900
18309300
18179300
18494300
18584800
18127800
18309700
18208000
20216600
26528200
22352800
19098100
18569500
19156400
18411300
17977600
18406400
18143100
18945100
17986800
18094700
18042300
17919300
20361400
19337000
18816900
18598300
18927300
19370800
19042500
19218700
18646400
18938400
18973900
22278100
23744300
21391600
22597700
22280400
20028500
24526500
20184900
19147100
19577900
19797400
21540000
19338500
20135300
21166500
20657900
19456500
18491200
18139300
18224200
19030700
18148500
17948900
18035100
18019200
20260800
23967700
21015400
18212200
20254100
20072800
22379600
21515100
19531100
19470800
20075800
18623100
18746500
19549400
19118800
19072800
18830800
18979200
18463700
19094500
19685900
19751300
18323400
18174500
18152300
20096100
26812700
22959300
19789500
18504000
18300600
18273000
18555600
20683700
20638400
19155600
18573400
18182800
21360300
20129600
19644500
19886900
18524300
18006400
18361000
20638500
18716300
18741000
19511400
19269300
18633100
21026500
23223700
20544700
18787300
19675400
18733700
19029700
20073400
22301100
19607700
22946400
20102500
18296800
18590000
18135100
18839500
18302000
18503600
18063900
18226400
19011600
18198700
18112800
19552300
19673900
19988300
22818400
19737000
21826900
23527600
20941400
18845800
18374600
18120600
18009200
23476600
19578000
18626500
18885000
19100900
18686400
19572300
19780100
18640300
18799600
18895400
19223500
19291900
19780800
18718400
20130700
47036100
27866100
22551100
18562300
18123700
23066700
19748100
18472600
19862400
18804100
18669000
18820300
18903200
17993800
18011600
19122400
25094500
22231300
22504000
21093500
20271900
20589200
22811700
24840100
28648300
26801100
22953100
23736200
25287800
26328100
22032600
21560100
22918300
19459500
21304000
18633400
24811000
20353000
23235100
20016800
18218500
18317200
18102800
18275300
18825400
18503700
22286000
24938400
20674200
18574500
20897000
22268200
21153000
19839800
19954900
18436600
21252700
18984900
18433100
18607600
19003700
25007600
23128700
23261000
20618800
20219800
19545700
19251300
19125500
18679700
20499800
29634700
22361100
22650100
25395300
25277200
18657200
18063800
18396600
18017800
18476300
18213300
18236900
19160600
18917700
19101200
24288200
25202400
23933200
24269800
23974600
24189800
25094600
25608100
28360100
26428500
24388900
21491500
23322100
21716600
28404300
26266800
18920600
18958000
18477500
19001700
19003200
18761400
19344400
18991500
18555700
18848600
19530400
18407400
18413200
18234200
18391300
21339500
23637600
22973800
18453200
18241200
18297200
18328100
18009500
17878700
18522400
19829000
18930400
18652800
18009700
17952500
17916400
19432300
18114800
17832800
18482300
19720400
19121400
18702100
18954700
18851400
19058200
21430800
26474200
24817100
19413900
19661600
19259400
19016900
18778400
20071700
19758200
20450600
19833300
19031800
19460400
18250100
18959200
18154100
18831700
18339200
18874300
18612300
18277800
18530700
17926700
18159100
18224000
20375300
22571500
20390300
17852000
18003500
18607700
18259000
17912600
18008300
17964400
20445200
19376200
18925400
19283000
19817500
19380400
20759400
18923700
18647800
18735400
18724400
19139900
19030500
18621500
19397100
18714200
22454300
24612400
21497000
18678700
18921800
21469100
23217900
18287200
18538200
20908700
18964100
19550700
18170200
18092000
18522600
24592600
24484700
21509700
18667300
18211800
20797500
18342200
18053600
17960100
19877300
21249800
20859700
22032500
22436000
20136400
19683900
18884600
18612500
19105300
18711800
19304500
18981300
20215200
23539500
22531000
24484000
21688700
22162100
22301500
26358800
21523600
20048800
18622100
19577400
24983000
23004900
21570600
17927100
18007500
18349200
18606600
18186300
18109800
19057600
18159200
17972800
17780400
17921000
18313600
21036300
18778800
18968800
18954700
19392000
20851100
19269900
18588100
19694000
19002700
18738500
23916700
23027200
20535600
20052300
19892400
19004700
18282800
18187800
18176200
18126500
18234200
18488400
18355600
18290500
18659900
18293000
18691000
18295500
17975700
18074300
18202200
19641600
19013100
18637400
17978700
17959500
19009800
23568900
21150300
17926600
18838800
20143500
18815100
19412600
18605300
18733000
20579100
18919000
18524300
18801000
19399500
19600700
19316000
18686300
18778400
19031500
19406500
20550600
18696000
19076000
19343300
18368100
19935300
19914200
19957400
21849400
22131300
18256200
18076600
18023500
18101400
18497700
18182300
18676100
17970500
18035900
18557000
17880800
20537000
24611700
23834000
23957400
22571800
22150100
25045000
25904900
28431400
28306000
26156100
25426900
21084900
22534000
24848500
21842100
19858000
20074100
18604600
18240100
18637800
18167800
18300500
18117200
18153900
18321000
18489500
18622600
18223700
18162500
18142600
18191100
18251800
22136100
23755300
21236700
17829300
17892600
18954200
18205200
17895900
17853200
19232800
22019200
19030600
19140300
18668800
18730700
19586000
19650000
18685500
18988000
18585500
19264100
19621100
18876700
19380900
19253700
18630200
24655400
23823400
19203100
18197600
18275000
18470300
18064100
18270700
19190800
19338700
18285900
18260200
18216700
17901500
18348900
18254300
17986100
18147400
18078600
17896000
18171500
17991000
18897600
18149800
18069200
18052700
21841600
23070500
22594700
18627700
19625500
19063200
18651900
19144300
18735600
20417200
22296200
18642600
18925300
18555700
18829300
18481400
21978300
18169800
18319300
18866600
18120000
18071300
18145100
18655500
18007600
18463100
19345100
21931900
25929700
24904600
23005400
24321700
22347500
20664100
25479300
22302900
18677000
17860200
17788800
18620100
20907400
18553700
18669600
18654000
19894700
18932700
18570100
18825700
18723600
19236300
18671700
24704200
23009000
18915400
18658100
19968200
19380400
18275700
18252300
18209700
18171200
18221900
18232600
18462100
18119600
18494900
18992300
22720500
21017300
20201400
20103700
21522900
18009200
18442000
18444700
18022900
17964700
23408700
23392300
19273300
18548300
21435200
19467500
19104400
18496300
20387400
19007800
18707200
18579900
18929400
18701900
18609000
19886600
18829200
18566700
19612300
18715100
19047500
18864600
18689700
18114100
18117400
18892000
