40083500
11645300
16370000
22020900
19709900
16037200
12600800
11733300
12357600
11938800
11555100
11482700
10965800
11229900
11066200
11142000
11026400
13914800
12100000
12193400
10849400
12011300
12267400
15368000
12626200
11576000
13939500
12404000
16068400
11717200
13586800
12948800
12695200
12718500
11791900
12200600
12245400
10830700
11713100
11859300
12194900
14385800
15822100
15294300
12603300
12691500
13153500
11421500
11938700
11823400
11562600
11743900
12063700
14507500
11363800
13380500
12264700
11650100
11461800
11569300
10992900
11415200
14049600
13381600
13250900
11889500
11333800
12254300
11265700
11106300
11434100
11157300
10981400
11273900
11455500
11015900
11509500
10987900
11135400
11194200
11360900
11015300
15829800
14484100
14232200
13254500
11601500
11032700
12221000
11947000
10991000
12008500
11695800
11279700
12040900
11824000
11883200
11195600
12089600
12516400
11570600
12188700
11764200
11848000
11335400
13006000
11964400
10835600
14675700
13198200
11483200
11541000
11297100
11459600
11101400
11467600
11349900
11417900
11208900
11514200
11122600
11097800
11602600
11116500
14002200
14375500
13978700
11208000
11233900
13481400
16623900
13400100
11735400
11793800
12179000
12643700
11904600
11236800
10998900
11151300
11345100
11135400
11029300
11195600
11223700
10823500
11355500
11302600
11034000
13615800
11729300
12642100
11980100
12464400
11740800
12974900
11662900
11323500
11782000
12077600
12173400
11144500
11983300
11704000
11047400
13051300
15948200
14296100
13798800
11148300
11977700
11832300
11697600
11249200
12791200
12072700
11268800
11428700
11343300
11424200
11782900
11507500
11805800
11400100
11640300
11699900
11465700
11474100
11473300
11935300
11755000
11690000
11531800
11699100
11424500
11932000
11807400
11851900
11541800
11941200
11609400
11288800
11276700
10931800
10911700
11324400
11475300
10831100
14202600
13647900
13048100
10854300
11233900
11051000
10938100
10905100
13707600
11551000
11809100
11677200
11610200
12375600
12200200
11176400
14193600
13146800
11986600
12729000
11805300
12086900
13250900
13821000
13638300
15712000
19162200
13770700
12638500
13392800
13646300
14606000
16408900
14893600
11629500
11347400
12662400
12508000
11877200
14373000
16064800
13385400
12233600
12662800
16189500
14904800
13970800
12222700
10956500
11445900
11117300
11341300
10954400
11159100
11120800
10977300
11144600
10952600
11292300
11954200
11000800
11146900
13315700
14938800
14495000
14626000
14277100
14273000
14080800
14113800
15059800
14341500
12071800
12709300
15141100
15043400
16345500
26481100
16567500
15207700
14662000
12126600
14263600
15411300
15063400
14879600
15813700
14985300
14561900
14830700
14931400
13639000
12606400
11618500
11620400
11798800
11770600
11694900
11771100
11932300
11395800
11919500
12122700
12049900
10922300
11358300
11333900
11250100
11483500
11974100
11172700
11260900
11317100
11474600
11557400
14278500
14452300
13637800
11359000
11928500
11583500
11565000
11215100
11676200
11995600
11369400
12320300
11831600
11444600
11496000
11477200
11259900
13824000
11737400
12385700
11060700
11945100
12150700
11160700
12509300
12704800
12338800
11349300
13562300
13811200
13255900
11792400
11556300
12879700
12483600
11158000
12660900
11793700
12081400
11016200
11885700
13714000
17066700
16307700
12382700
11555400
11773200
12110200
12934200
11627100
12896900
11383300
11375100
12650100
11636900
11504700
11396500
11317200
11667600
11188800
11714900
11101100
10891000
11279500
11464900
11255100
11472600
11528600
11020900
10965500
11783900
10963700
12725300
11597600
11613600
11371100
12557500
11357300
12019900
11504100
11502900
11311200
11687400
16148300
14336200
14731800
14961200
14742200
13793500
12030900
11943100
12105200
11031900
12068200
11921300
11043500
12725400
12728300
13187100
11916000
13072400
12774100
12027000
11791600
14437100
15633400
15792300
16915400
14654700
13905100
13583500
12021300
13297100
12483100
12300700
11898200
12166300
11954300
12226900
12031500
12183300
12295700
14145200
13983200
15106100
13926300
13482100
11646000
10931500
12307000
11719800
12704300
12262000
13268300
13828200
13275300
12365600
14866900
12810100
11217700
13395100
11273700
11883100
11155400
10822300
12985800
12993500
11840500
13150200
13768200
12556200
11632000
11114300
12051100
12610700
11388700
12244900
12027900
11653800
11098000
12159600
12269900
10878600
14832700
13171700
13678800
15364200
14426900
15199700
11433000
19654300
13946900
12978800
11905800
11725000
12005400
11971400
11689200
10942900
11507000
11060600
11896700
12650300
11464600
11150000
11645000
11626200
11222700
11255800
11247700
10902400
11002600
11260200
10778100
11080300
11161900
10869800
12018900
11423200
11123600
11329800
11073200
10992000
11357200
12841300
13688400
13597000
12223200
11143900
11054300
10984700
12739600
12350800
11700700
12477800
11926400
11622800
13867900
11296500
12764100
12901900
12569800
11656900
12945000
12624200
12580800
11141800
11984400
12486900
11800400
11733400
11711800
12163800
11079600
11912400
11714700
11465200
16084000
11714900
11378400
11420400
11275500
11141000
11247600
11001800
12038400
14228400
13910800
13382200
11435000
11120700
12953200
15011600
13151700
12256900
12166200
11461500
11731800
11003800
11086700
11389900
10954300
14419000
11718900
12917200
11772500
12625000
11342300
14143000
12895500
13414600
11954400
11554200
11564400
11670200
11045700
10915600
14183700
11216600
11769700
11976900
10904100
12351700
11547000
11637800
12644600
14733100
16618200
15531200
14319800
12904400
11083400
12220900
12489000
12010600
11226200
12789200
12212600
14750700
16580700
11644600
14576000
12596700
11748300
11459200
11510900
11405600
11142800
11646900
11183700
11488800
10979200
11806600
11398200
11133600
11138700
11505600
11143800
11287100
11446400
10818400
12537900
11952400
11413200
10842300
11140700
11045500
11740600
13669900
12800500
12954600
14446300
13594600
11661900
11327500
10919800
10911800
11197800
10822600
11812400
11247200
11105200
13338000
18690200
15130100
13961000
12712200
11887500
13147000
15271300
13586800
13661200
11806200
12764200
12812800
11864200
11273600
11705600
12707700
11616200
11270300
11697900
11784100
10925300
12582300
12103900
12447100
13014400
17545000
17358400
13438400
12161700
12027100
16800700
11636500
13106800
13513300
11705300
11399500
11458200
11365400
12608700
12951300
12309500
12277700
11282500
11786800
11770000
11503400
10826900
11315200
11204800
12619100
12290300
13236900
12192800
11143800
11901000
11263300
11742200
12140000
11647000
10819200
11532300
11347800
11172000
10800500
13688800
14313900
15356500
14706100
12451500
12590600
12067300
11735000
11489400
12305900
11853900
11246800
12132400
12621500
11186700
11432200
12381500
11913400
11020800
12220700
11693600
10929500
12122600
11856200
12154800
11072300
12993900
12161700
10830800
12984000
11312800
12690700
11321700
12032400
12085400
11301800
11360700
11511300
10918600
11638200
11667200
11324000
11056800
13853000
19942200
16056500
13259800
11468300
11261600
11994500
11215100
10870500
12432300
11116600
10938300
11571500
13819500
12881000
12287800
12578000
12194800
11491600
11652100
11272800
11138700
11136400
13943700
11602600
11670500
11692400
13400500
13697600
13139800
11404100
12571800
12704800
11848400
11826000
17369800
14178000
13641900
12783600
13631300
15588200
13723400
14594300
11860900
12204700
10818500
11865100
13285400
12160900
11467200
11759600
11578600
10821400
11483900
11257400
10878700
11310700
11052800
11319800
12007600
11390900
11200300
11121600
11751300
11514700
10900300
11521700
11036300
11253100
11412500
10834400
11581700
11613200
11556700
11476200
11664400
10920900
11040600
11140000
10989100
10821900
11620800
14039100
15009900
14530000
13229500
11211400
11210800
10823100
17975700
12827500
13481300
13244700
12209400
11514500
12593100
12142300
11605700
11375600
12124800
11707900
10906600
11909000
11607000
10952000
12209500
12384900
11573600
12023500
13742700
15873300
13527000
13537000
13092700
15193700
14717500
12395900
11938500
12251000
11566900
12463900
15600600
16561400
15524300
16084100
17165900
16714800
13203000
10994000
11557500
11521300
11108400
11839900
10759600
11374400
11415300
11615400
11494400
11879400
11898400
12102500
11163500
11214200
10914400
11128600
11524300
10925900
11241400
11603900
12893000
12286900
12128000
11162000
14187300
11192000
12274800
11684700
11866100
11463300
11730200
11717500
11006200
12533300
11717300
13734500
13569600
19748300
14804300
15818100
14939400
11793400
13657300
11520100
11849000
12278600
12185400
11635100
13941700
12057000
11363500
11466900
12817600
14212300
11891300
11867300
11841700
11216300
11357400
11300400
11209200
16918700
13517100
11509400
13276300
11593100
12440300
11410300
11218700
12738900
13380500
13870800
11605600
10931700
12538900
13902500
14359100
12384900
13858400
13628100
13563800
11470700
11792600
11581200
11698800
10822600
11969000
12069800
14933500
11444700
12237600
11972600
14929300
14904700
13323200
12151800
12859800
15398900
15192000
15182400
14987500
12103800
14619000
16313100
16074600
13085900
12729200
12425000
12463100
11618200
12352400
13719800
16814400
14946500
13961900
15065400
14995900
18683400
20823900
15413700
14528700
13680200
13619000
14007700
13328500
12351200
13088400
16301300
13640300
13446800
12108200
12147600
11891900
15363500
12688500
13592400
11669300
13098200
15767000
12307400
11803900
11449900
11531900
12094600
11185500
10829400
15608900
15016700
15067400
15069100
13251100
15017500
23726200
16277700
14384300
14591400
13795200
13783800
34983100
16386800
19836100
16344400
15473000
13889600
13635700
14944700
16184100
14410800
14822600
13401900
13712700
14249000
13065100
13151200
16648000
18223900
17128700
14909400
13961700
13181000
19189500
13989400
17466900
21120800
16149300
17308400
16152700
16994300
16429900
13804600
11580500
12716800
13023300
16265600
18671600
18277600
17961600
15763000
20967300
56604900
70206000
20807500
20676300
18792700
45101700
18452800
18171200
23293800
18390700
23417500
19105000
14698100
16324800
15433400
15414800
16150700
16546300
18388600
16452700
16991200
15676300
19605400
19485400
16485200
16638800
15090300
16927500
14691900
12779200
17050300
16564900
20715700
18074400
19129600
18086100
16960500
19857800
17147300
16424700
16206900
15009400
14788800
14824900
14649500
15431600
15000400
15031800
14914700
15006200
15638100
14786800
15002400
14922800
13985400
14532800
15925900
16660800
17031100
15517800
15824800
15227000
16854300
16549800
12669000
16463700
17023700
16268500
15028300
12670000
12682400
14354000
14030900
14364400
14455900
14865900
14601500
14785900
14721400
14691600
13536400
13454800
12668900
13765800
13624700
13383500
14653400
14465200
12490800
13499100
11445000
14246400
12423400
11601500
12511900
12232600
12043100
14319400
14778100
14267600
12285800
15366700
13215900
14818100
14303400
14937500
15335300
47719800
13000000
11842100
13330800
12688200
13476600
13487900
11664900
11764800
11941400
11407700
11087500
11349600
11329300
11552900
11162700
11323100
11034500
11444700
11487800
10960300
11400500
11292800
11414100
11228300
11428400
10819900
11066000
10968800
11168800
10973700
11167100
11795200
14552900
14086600
14120900
12100800
11278800
11821200
11290500
11353900
10921400
11580700
11448400
11217500
11185500
11246700
14279600
14204900
14910300
15295500
14763200
14140500
10974000
14728600
15107200
15007400
13615700
14045700
13189500
12513100
12678500
12656400
11418800
12677400
12188400
13242400
13615100
12874700
12922900
13745300
13635500
14628400
14199900
11986700
11778100
12000300
11646800
13351000
11879900
12208700
11051200
13469000
14690200
13149500
11152700
11199700
11631800
11124000
11199600
10996600
10814300
11669200
16098300
13129000
13224900
11439300
11934300
11683800
11406100
11121100
11330500
11998300
10841000
11427800
11129000
11028100
11232100
10820200
12555400
15349600
13942400
14026700
16272000
15301500
16644200
12748600
13145300
12852000
12477900
12640300
11408700
16725900
12871500
13431800
13254400
11639400
12728200
12428300
11813000
11675700
12128200
12399000
11009700
12959400
12454400
11514000
11106200
11821800
11819000
10835500
11366000
11831600
14059100
11252400
11378900
11339500
11285100
11476000
11393000
10914300
11334100
13025900
13845600
13644200
12723400
11425800
11127500
10986200
12474900
11882000
11550900
11488700
12234400
15724300
18867800
15121000
14383400
14295400
13071600
12561900
11920400
11514000
12040300
14079300
11677200
10887100
12616600
12409800
12067900
11136500
12251700
12062000
10816600
12263300
12082600
11779100
11918600
12217000
12659000
16285400
17668900
17209300
16252400
18020000
16908400
17400100
18491700
16072600
13983200
15170100
14804200
14662800
11952400
11767600
13567700
12597100
12690000
13731500
13094600
14436200
13595100
13970600
17455100
14179800
13676000
13800800
14141000
12089100
12138400
12707500
11521000
13072200
13430800
14402500
13796000
11258900
12520300
13766900
12406500
14405900
12191200
13404800
19605500
14734300
12970600
12143600
12397200
11896200
11740500
12392700
12313400
11840100
12170200
11958800
12102800
11705200
12378600
12371000
11720200
12117900
12136200
11978500
11007900
11693800
11762200
11193100
11854400
13099600
12204800
11154300
11235300
11740000
10903600
11362200
11435400
11100400
11258300
13814100
14239900
14446800
11132000
11273100
11384100
10956400
11331700
12649300
11494300
10980100
11896400
11446700
11509600
13358400
14437500
14458600
14546600
14173400
14553500
14658100
15220800
15396700
15281600
14569600
14422400
14487000
14226400
16140800
14723000
14866900
14686900
15152800
14876300
13189600
11325500
12955900
14572400
14493400
13914000
14549300
14194500
16027800
13222800
12426000
11870300
11920200
12310900
11921300
10993800
11801300
13360000
12356400
11206700
11253800
11349700
11587400
11312300
12174400
11414700
10888600
11769900
11628400
11173000
12149600
11578500
11303100
11536500
11322600
10963800
11534200
11427500
11025200
10935200
11278400
10858400
11165100
11319500
11010900
14193600
15071000
13688600
11413500
10975500
11381100
11071900
10950200
11234400
11307800
10805200
11170500
10893500
10962400
12965100
13621100
12559000
11012800
11967600
11995000
11179200
11898000
12309600
11987500
11055400
12286100
12037300
11210200
11883800
12644100
12332500
13049800
13266100
12585600
11887700
10820500
12305500
12383500
12172200
11823000
13164300
13295300
14699200
14378900
12460000
11793900
12056000
12701300
11108600
11326200
11421200
10975100
11589400
11225700
10996600
11529500
11062300
10979400
11698900
11208400
10963600
11149500
11211800
10999300
11471600
10952400
11035000
11610600
11409800
10945900
11682200
12212100
11303400
11623400
11839100
11300900
11520000
11197900
11029100
10815300
11294100
10806900
13767000
11587200
12754400
14771100
13735900
14230000
13362700
12115700
11566200
11271400
12119500
12328700
11631600
11231300
12460600
11856300
11422400
12660600
11925000
11764600
11343500
11844000
11774100
10981500
12573700
13121200
11345800
12614400
12969800
12162700
11697500
10965200
11437800
11704000
11438400
12293800
11529000
11380700
12270500
11294900
10966600
11488700
11065000
11347700
12828100
14149300
14099800
11734100
10943000
10810500
12320300
11863800
11489100
11181800
11106200
11058300
11692000
11032500
11093800
10817500
11361500
11445900
11188300
11028700
11402200
11651100
11056000
12422900
13490900
11675300
11173300
11973000
12051200
11631800
11159200
11829200
11890300
11048800
12290000
11679600
11165700
12191600
12243400
12264000
11747600
12501600
11665100
14280200
14785400
14425600
12062000
11774100
12293700
12217000
12171500
11270800
11059600
11352400
11498800
11093800
11741200
14650600
14668300
13713100
11632800
12061200
11283000
11384200
11516200
11258500
11870000
11298000
11450400
11479000
11052000
12196000
13806500
13198300
13355400
11967500
13249800
12153200
12557200
11414900
11437600
12137700
11302800
12087700
14434800
12702800
14975900
13172400
11224400
15069600
12105300
12108000
12664500
13219400
12213700
11663700
11535600
11987000
11057200
12404100
11791900
12194000
11596000
12308800
11722400
11371000
12509800
12264700
11921300
11247300
12090000
11878700
11372600
11686000
11854100
12104900
11427800
11775000
11630900
11104900
11333800
11250800
11740800
11140300
11603800
12671200
13440600
14157400
13461300
11214200
11140600
11179800
11302100
11379600
12089500
11736600
11565300
10825700
11748200
11108100
11236200
10820100
11623100
11065400
10811700
11212000
10910600
11022700
11512100
10920000
11281600
11615800
11073800
11035200
11141100
11155300
11144000
12488000
12433000
11445900
11967900
11453800
11361200
11701300
12119300
10826600
12093400
12022700
11577100
14917600
14841300
13977600
12061600
11481300
13173600
11933900
12166100
11107800
11631500
11987300
10920100
13980900
17127400
14554200
13925000
11717100
11717700
11930700
11442400
11722900
10977800
11751500
11636900
11021400
11158500
11302000
11235500
11302600
18001700
13109300
13284700
11643900
11714800
11843100
11543500
11130200
11355300
11179500
10831000
13231900
13934900
14173000
13699600
16667500
13412700
13670700
12369700
12586200
11337200
11261100
11484500
11114600
13884300
11395100
11096800
11691000
11817200
12236900
11102900
11907700
12265900
12146600
12796100
12948200
12830900
12450100
12551400
12794300
13351500
13217400
12316800
13125900
12864000
12072500
11519900
11893200
11921200
10833800
13207700
13781800
13742600
14623400
18596100
15283300
14165000
11245200
12414200
11818900
12484000
10827600
11630000
11087600
11079100
11335000
12034600
10854000
11213400
10992100
10813700
11826700
10981300
11256700
11112200
10993800
11423500
11655700
11139800
10940400
11150700
10872300
11247700
11032800
14371100
13148000
11263800
12172900
11483900
11338600
13501500
11580900
12388800
15158100
13767800
14287300
11888500
15056200
13691800
11843400
13820100
12592900
12583300
12631400
12593700
16088200
14471100
13888500
12314500
11253800
12456100
12204000
11243000
13391600
14708700
14182900
11882600
11503600
11694200
11573500
11140700
